151
88 88 84 0 82 35 29 59 93 84 29 92 4 83 17 38 37 23 98 44 81 43 36 87 17 8 37 13 30 71 72 55 41 63 50 46 93 7 8 3 90 42 19 64 39 24 28 80 80 90 4 46 58 1 32 97 17 56 95 9 87 76 89 33 71 99 57 91 57 29 27 28 54 81 23 1 23 80 73 7 34 15 5 2 26 92 71 98 65 8 89 59 89 32 91 0 98 94 4 70 58 2 79 7 71 86 51 13 87 76 59 45 3 63 91 38 54 32 93 23 72 31 54 38 39 22 72 46 82 94 31 96 57 38 3 58 98 97 53 5 69 72 76 85 44 52 28 63 41 66 30
86 32 10 10 11 1 1 16 92 72 83 39 69 1 53 77 43 63 29 85 8 93 4 22 59 59 17 20 0 51 60 81 1 72 8 42 18 29 98 61 67 34 52 51 12 27 15 39 61 62 26 33 39 88 63 22 7 85 43 77 59 78 54 47 95 15 93 52 75 20 73 78 98 81 45 43 18 87 8 78 59 3 88 35 50 58 27 12 26 87 64 81 89 64 18 64 96 91 98 66 5 5 31 6 9 70 79 67 47 32 12 42 20 91 24 98 89 78 31 7 82 39 24 11 93 69 83 52 4 59 58 56 72 18 46 62 28 79 25 64 66 7 34 2 45 80 90 7 67 0 78
29 13 51 30 27 89 86 8 10 72 11 62 64 98 91 43 49 51 86 72 81 96 59 84 12 27 47 52 0 76 42 65 76 74 45 86 86 54 54 31 79 90 99 85 48 85 85 81 45 75 61 67 51 1 48 12 62 63 33 33 55 78 73 25 61 33 31 81 87 11 26 58 55 16 98 3 15 10 91 54 28 18 6 62 48 76 31 24 65 4 24 86 20 19 31 88 68 14 59 34 54 89 25 83 54 69 38 21 2 92 30 85 99 70 11 6 58 2 0 98 56 98 38 45 37 88 4 71 96 81 95 45 28 0 8 36 96 17 14 70 59 28 54 85 82 42 14 86 52 19 34
55 69 73 73 54 28 92 75 74 26 75 61 23 0 0 27 86 76 68 70 19 12 86 54 84 17 30 25 15 87 30 2 35 62 57 78 32 48 76 89 57 47 86 55 59 26 4 81 1 23 66 70 95 17 21 86 32 32 74 54 68 25 80 51 26 44 94 38 59 22 60 85 32 84 96 36 10 58 24 74 57 77 96 82 86 28 78 27 46 26 47 92 65 56 4 22 60 87 93 0 51 48 15 96 75 76 76 15 55 13 50 32 46 98 20 98 57 35 29 57 43 56 75 2 59 0 59 67 33 31 69 11 46 68 70 70 57 45 34 62 3 18 64 84 79 77 92 34 11 97 1
31 81 94 8 38 5 59 17 77 72 91 81 61 93 26 37 46 52 41 54 64 53 25 90 88 62 56 63 95 53 42 23 26 69 95 41 83 48 7 42 80 91 0 51 96 2 64 99 16 94 42 25 24 37 78 50 64 86 29 29 67 82 79 83 65 19 29 58 29 39 71 41 93 68 10 23 54 28 96 25 85 41 8 85 80 52 22 62 3 62 49 2 59 39 63 48 25 18 66 79 52 70 47 35 79 37 9 19 38 88 93 79 68 7 89 92 19 9 72 34 14 67 39 71 87 82 70 19 69 52 91 4 47 34 24 59 39 96 64 88 92 53 91 52 38 73 67 5 5 1 52
96 16 22 49 62 63 14 93 92 66 80 19 50 12 99 21 82 81 66 85 23 55 75 75 73 99 15 71 96 82 19 47 42 46 93 37 61 48 96 79 86 43 33 28 91 10 23 46 56 32 44 46 47 53 27 84 5 70 33 17 29 86 83 56 4 35 73 40 87 24 51 96 98 93 1 48 25 13 76 20 33 33 64 43 20 45 97 94 66 4 39 25 65 89 34 59 20 64 90 25 8 20 20 84 23 99 42 68 35 81 42 10 68 27 91 2 94 35 87 54 42 48 73 6 30 59 91 12 72 57 24 58 72 85 41 4 79 14 37 64 5 78 32 84 30 71 16 17 1 99 11
19 65 43 70 90 10 48 7 84 28 57 87 21 35 45 45 91 28 22 62 68 23 8 50 34 50 48 13 58 93 77 53 85 88 80 20 47 24 24 41 50 13 80 78 59 94 62 13 33 34 34 58 23 98 99 89 13 45 50 69 39 11 77 24 8 75 23 82 25 48 71 53 86 67 43 19 44 12 78 52 98 66 18 67 34 28 7 40 24 3 67 59 12 42 47 80 97 34 62 75 26 82 53 80 29 90 6 21 80 60 19 43 15 48 3 65 93 55 25 47 55 55 85 17 87 82 51 34 6 72 59 28 84 26 2 9 58 77 48 3 54 8 11 53 87 92 65 70 52 78 31
99 46 14 0 77 94 27 29 81 38 38 86 22 48 33 82 21 25 89 61 74 87 11 24 2 34 85 83 29 34 89 82 84 46 48 93 73 54 93 49 74 78 91 72 27 6 77 6 83 50 6 74 59 91 6 0 19 25 20 45 45 25 96 26 28 78 8 11 15 79 12 39 4 32 56 56 24 74 0 4 71 42 71 39 60 98 55 97 43 87 56 21 84 7 31 51 97 15 63 15 0 21 73 75 31 67 45 35 89 63 21 73 74 52 25 51 58 80 96 66 54 12 86 56 52 33 43 74 31 75 65 36 32 23 38 89 80 35 78 85 50 75 80 34 43 12 67 91 17 76 91
54 69 37 42 20 79 26 67 49 85 44 37 39 47 94 81 33 22 65 70 5 70 72 37 81 15 91 22 34 81 87 86 83 92 12 91 69 63 44 86 77 15 89 44 60 69 2 21 24 30 72 66 23 39 63 57 23 73 84 62 41 93 65 64 64 2 7 35 27 57 89 70 79 66 15 14 86 5 47 94 72 75 48 73 72 32 79 98 29 5 31 55 19 35 14 46 65 39 90 31 24 33 50 14 21 1 8 74 14 29 77 73 14 81 65 24 80 8 62 54 1 32 8 60 5 50 1 66 81 15 59 86 43 31 51 75 49 29 82 13 11 67 47 60 75 37 64 15 30 12 90
68 73 30 60 49 27 81 15 77 74 47 48 18 10 47 3 35 37 93 53 63 85 85 94 37 65 2 92 21 90 97 64 20 67 33 90 32 80 61 40 20 27 39 8 24 45 85 87 20 39 33 99 15 22 13 66 98 85 85 93 63 2 13 31 50 85 75 50 39 40 87 28 38 36 46 48 35 25 60 76 65 93 22 90 2 79 20 35 25 40 49 40 73 99 37 25 66 53 20 49 31 36 57 87 55 33 56 78 24 37 74 92 97 45 79 17 8 46 51 76 93 28 50 68 66 28 49 48 21 61 67 33 95 7 68 12 91 74 78 24 91 98 25 15 39 77 45 53 52 59 72
3 35 35 13 93 35 54 33 45 13 43 96 56 92 82 44 40 2 63 95 38 3 28 51 59 88 79 43 73 47 82 8 46 69 99 57 99 76 68 5 48 4 5 56 26 22 69 25 47 93 92 3 74 33 66 2 42 45 58 49 85 28 89 47 73 53 86 51 55 28 24 56 45 61 58 34 65 32 87 15 5 15 25 95 86 21 65 47 61 15 73 8 85 73 83 8 2 89 70 78 80 36 74 68 75 68 21 94 79 27 17 10 53 83 42 70 53 42 12 66 76 96 6 83 77 59 86 81 67 51 61 10 66 92 55 92 59 65 4 81 67 83 14 53 65 79 19 17 59 81 35
67 54 10 16 31 54 49 34 1 9 30 98 36 34 99 2 99 77 41 6 35 90 39 7 22 23 30 76 91 85 18 32 90 45 44 23 91 43 93 44 87 36 26 48 79 50 86 68 14 53 22 31 54 3 44 67 71 11 57 22 92 50 80 80 95 83 2 83 3 81 56 24 41 0 44 1 92 85 33 21 98 99 66 79 85 18 54 47 74 51 62 95 29 82 84 90 26 5 77 83 8 30 81 69 93 97 2 28 34 56 83 48 9 82 28 53 53 43 60 2 81 45 78 12 62 78 70 15 66 10 3 85 90 96 54 83 96 30 6 57 74 93 97 97 44 75 0 47 84 15 67
25 49 91 26 17 61 37 69 62 65 16 50 92 79 67 68 11 54 44 98 15 19 31 23 5 79 30 82 40 94 81 43 55 6 83 53 83 40 87 30 17 5 45 56 44 5 9 94 81 71 35 8 88 85 50 48 72 46 14 51 60 77 33 59 77 36 29 95 60 35 56 76 16 95 38 23 57 28 0 42 40 71 14 76 31 73 78 45 41 73 53 25 99 87 71 72 66 91 79 40 33 29 49 68 76 56 91 71 95 39 51 69 93 26 11 28 48 10 76 77 37 95 49 86 49 28 72 46 39 27 47 69 27 58 89 90 28 26 80 54 14 94 70 50 51 88 20 5 55 24 71
66 39 86 35 25 54 59 59 44 40 20 58 36 64 71 24 6 5 58 68 33 98 58 58 38 31 12 98 48 76 44 99 94 64 0 95 6 50 56 48 35 92 13 76 75 22 27 30 75 91 88 68 13 27 34 70 77 96 60 93 52 75 46 29 85 59 55 61 69 50 92 52 99 91 16 17 21 95 74 44 54 65 52 20 16 74 98 34 6 71 43 28 44 48 36 36 36 73 61 88 74 80 75 90 11 38 15 40 22 57 41 73 46 55 70 28 56 37 31 43 34 91 52 85 70 71 76 44 87 41 83 49 98 49 27 6 36 85 79 26 18 26 96 53 29 3 21 63 20 65 49
7 33 9 88 98 94 28 26 30 78 84 74 64 67 29 62 24 61 19 61 27 13 84 66 89 4 14 95 75 13 90 70 28 14 12 19 44 6 31 57 0 24 29 16 41 59 20 84 81 27 5 7 7 11 86 87 64 6 46 82 26 1 72 8 82 22 33 21 26 75 28 21 8 78 1 42 11 25 15 23 84 86 62 70 14 77 91 3 54 33 11 40 17 29 60 75 19 5 64 78 90 74 11 19 70 35 12 79 15 69 4 70 53 6 11 14 67 38 25 55 64 46 20 95 59 38 84 62 97 14 80 46 6 6 41 66 12 92 1 97 89 31 92 74 37 46 91 23 55 58 59
3 4 96 6 24 74 87 93 53 44 14 21 77 63 71 32 39 96 65 56 43 5 48 84 97 98 91 3 20 86 33 76 45 52 92 20 79 72 44 24 97 74 45 92 7 45 69 17 81 13 61 34 84 51 34 38 91 7 56 78 71 40 15 62 92 40 70 63 68 2 21 27 13 93 66 65 68 67 48 60 64 36 9 23 30 26 39 12 11 69 74 77 7 88 80 76 57 34 58 99 3 0 98 20 10 88 22 7 99 35 77 86 61 19 45 42 63 27 10 88 17 30 49 87 75 55 1 74 10 4 67 86 48 97 60 37 87 71 45 46 22 59 34 29 47 49 93 92 53 82 91
67 18 61 52 29 69 5 52 56 7 13 49 11 75 63 37 80 0 43 54 76 99 68 17 46 43 75 28 84 18 91 98 42 33 62 1 55 87 14 15 38 26 54 82 76 80 32 19 91 14 66 70 98 75 57 41 46 28 66 54 83 95 13 39 64 54 17 37 92 50 66 25 92 82 65 96 85 98 73 13 72 48 75 1 39 58 32 42 15 30 31 37 72 80 6 91 76 90 43 19 0 18 92 78 82 40 32 56 51 99 89 67 73 91 15 14 24 52 51 8 87 2 69 43 20 29 68 64 64 93 7 29 0 19 85 39 56 14 67 25 86 97 62 1 80 38 92 26 12 5 7
52 0 23 85 24 34 10 64 60 26 61 81 36 40 53 89 2 82 24 44 32 73 21 82 48 8 89 41 4 88 61 52 28 36 34 25 82 71 74 85 50 72 12 70 35 11 28 32 5 96 65 85 73 60 95 10 50 12 1 6 22 35 52 73 90 62 38 7 3 66 3 17 50 77 90 9 79 13 76 33 39 46 1 65 3 97 8 94 17 10 69 0 9 79 70 8 29 93 96 83 39 80 76 94 12 25 2 62 32 83 76 93 71 28 21 28 95 81 14 49 44 85 26 49 48 92 34 43 13 71 94 15 4 69 48 81 37 7 68 78 37 85 26 68 72 50 64 95 49 18 77
45 39 37 23 52 73 19 38 87 62 98 99 41 64 4 56 18 95 5 57 27 47 42 24 14 19 20 58 13 44 64 27 20 94 49 73 38 21 36 44 44 12 40 68 36 43 85 45 52 52 22 68 84 54 35 40 87 93 3 76 30 41 98 11 43 97 11 74 25 75 54 70 25 68 56 67 24 31 45 9 40 15 62 38 14 97 19 92 42 95 17 61 3 7 85 81 98 17 46 5 0 73 13 42 67 52 62 4 86 46 48 49 27 8 61 38 6 73 31 29 40 79 99 14 99 68 93 96 24 24 94 87 55 84 98 13 26 86 41 42 65 4 25 17 42 19 47 8 25 62 91
3 29 87 1 6 30 58 24 82 26 4 71 78 14 27 41 55 34 21 3 89 17 98 4 61 44 57 8 13 98 55 61 58 49 78 12 46 60 13 41 41 40 84 97 38 86 48 33 44 31 93 3 74 63 64 94 45 52 84 56 64 18 21 52 2 20 80 46 69 66 66 58 82 18 24 92 54 78 80 43 76 16 91 33 48 26 90 35 44 41 82 79 82 92 47 22 43 77 66 77 47 63 57 75 49 68 12 12 58 79 74 90 34 54 41 29 12 86 35 22 12 88 78 45 94 8 23 75 73 65 6 91 65 79 78 77 50 13 17 49 55 63 99 95 36 73 97 87 28 15 92
44 95 57 84 50 20 78 71 68 47 80 10 5 54 14 72 36 65 14 97 3 28 88 39 21 21 65 17 39 59 10 32 40 59 95 32 50 89 15 39 57 27 34 29 28 46 17 4 11 30 99 26 90 61 49 77 49 20 10 75 9 87 33 25 19 30 19 54 21 44 81 20 37 7 6 51 39 58 23 53 58 17 8 31 23 43 47 94 46 87 11 18 69 52 95 84 5 65 66 51 19 74 83 6 52 61 17 12 1 70 96 69 54 30 5 12 44 90 21 58 49 28 25 58 11 38 69 60 40 32 74 21 25 6 10 81 76 67 55 92 40 80 89 97 55 40 89 61 70 84 11
13 65 64 20 68 91 26 89 43 63 72 87 78 9 92 44 60 58 10 52 84 62 94 5 76 80 61 41 6 89 4 65 70 79 95 96 90 25 72 50 66 4 14 91 13 12 77 12 48 24 10 67 50 33 44 68 44 34 43 57 36 78 3 80 49 23 85 40 74 22 74 96 72 87 77 8 54 50 60 34 0 54 75 46 32 56 5 67 30 96 55 64 62 51 83 95 68 52 98 17 7 92 71 20 79 69 36 83 73 84 78 98 61 79 81 51 25 2 65 36 41 7 2 40 11 53 75 66 29 90 14 27 81 64 0 45 4 74 95 40 99 64 86 61 51 20 68 35 41 89 69
25 34 14 74 99 21 85 52 29 0 34 45 38 64 86 59 67 86 13 1 66 50 52 68 74 14 13 35 93 28 68 64 90 5 70 68 82 79 89 61 73 22 64 22 62 36 51 32 78 87 54 12 11 92 46 37 50 93 4 44 39 2 99 83 81 81 42 4 25 94 55 75 29 71 15 95 90 46 81 45 15 8 34 46 21 80 43 13 87 1 84 93 75 16 6 73 72 8 7 66 23 4 25 77 13 63 68 38 55 24 93 61 9 64 57 81 45 42 16 42 95 13 11 84 82 45 40 62 98 19 33 85 22 59 53 55 62 29 98 37 49 72 56 37 88 60 90 3 71 62 51
50 82 10 1 59 48 56 47 19 56 21 83 35 60 61 85 34 51 58 25 62 32 9 20 31 73 64 50 97 26 72 78 81 22 52 99 7 76 59 38 3 16 36 45 87 34 0 83 61 12 18 95 30 79 79 75 19 23 63 32 27 63 17 96 22 69 42 13 0 72 82 89 63 44 76 64 64 15 15 69 89 85 56 45 73 83 90 43 51 66 38 81 65 66 31 40 9 18 25 38 58 66 7 40 62 32 35 20 15 41 51 17 1 63 21 58 59 84 2 22 38 50 81 8 23 35 68 56 75 21 73 30 45 71 75 91 9 74 31 60 85 58 82 10 49 85 0 56 84 14 80
58 9 72 31 42 60 90 3 51 79 67 6 34 17 99 67 98 78 36 96 8 48 91 42 51 18 95 99 23 40 13 79 9 58 99 53 83 6 6 52 8 69 51 59 50 30 45 10 78 16 45 52 49 49 56 65 90 3 86 76 72 70 60 19 57 57 15 43 37 59 25 31 37 34 57 68 65 48 26 16 53 84 73 33 87 88 5 77 90 41 81 67 86 12 36 8 88 17 37 4 55 53 33 61 29 42 33 15 56 86 6 97 68 20 49 7 49 93 21 9 27 11 56 25 62 36 77 86 45 2 83 77 11 86 18 12 84 56 88 86 78 82 9 61 79 56 8 76 4 8 33
5 72 14 11 38 72 16 87 81 23 57 52 14 9 80 14 66 65 96 17 45 12 42 59 64 30 95 26 30 75 32 85 58 11 36 15 70 79 90 25 42 16 21 37 26 6 5 95 94 30 30 57 62 49 7 99 83 46 37 44 49 63 79 29 74 83 12 19 84 19 55 9 15 83 62 32 82 58 74 74 60 58 99 66 3 86 53 6 17 57 35 9 82 23 68 68 31 68 27 23 65 49 20 33 10 16 17 8 93 64 3 51 96 77 83 90 48 54 12 8 58 48 32 73 85 4 54 31 67 54 91 76 8 41 59 66 54 95 9 5 89 61 48 2 43 87 88 48 42 22 20
17 46 35 28 12 42 70 38 82 52 25 80 28 86 46 49 59 47 31 63 99 8 48 56 38 27 20 53 1 45 57 49 69 61 31 92 31 32 8 57 69 41 49 49 2 79 77 5 22 33 54 30 47 34 5 93 92 34 16 39 95 49 40 43 55 19 50 96 5 92 14 5 24 11 38 78 79 54 89 89 77 45 75 95 44 8 22 82 80 31 11 8 44 57 11 62 32 69 46 30 54 74 5 95 70 92 96 80 17 28 79 72 21 53 6 33 6 14 40 62 26 90 65 0 28 26 85 69 64 1 25 69 14 33 61 39 5 14 95 90 50 57 42 65 17 35 55 60 34 52 10
35 38 91 86 9 61 60 6 22 98 45 65 50 18 78 49 25 30 3 91 16 93 0 43 26 91 66 26 49 79 93 82 99 31 94 95 94 81 90 95 67 24 84 0 95 81 48 85 68 64 57 13 31 75 99 97 49 21 6 83 43 5 62 40 31 46 36 94 76 51 81 56 78 44 54 92 67 19 44 6 46 98 99 3 67 26 39 13 4 60 75 34 27 5 50 29 31 79 91 28 69 8 36 24 57 63 23 59 63 45 94 92 54 27 74 62 42 45 91 90 5 68 81 23 0 41 10 24 75 50 21 41 93 82 89 72 69 73 84 11 70 42 18 2 27 84 64 10 71 56 9
93 25 73 57 47 50 23 30 38 95 34 9 22 75 35 65 47 2 41 95 23 77 50 31 57 51 97 66 96 19 24 21 14 48 90 74 68 46 35 94 35 95 25 19 61 95 3 55 74 48 69 30 26 71 54 6 84 84 6 69 26 68 80 41 72 98 81 71 11 7 47 13 66 99 21 67 75 93 80 61 96 15 39 16 46 88 80 46 56 3 30 84 41 65 20 39 51 71 88 34 64 65 9 96 63 11 34 70 25 43 24 24 82 67 32 41 82 33 6 88 48 32 74 15 58 79 24 7 16 54 43 11 91 85 40 90 19 10 38 14 9 82 90 55 95 31 51 57 50 65 84
64 89 51 62 38 63 5 73 35 75 73 60 20 69 35 65 28 66 90 19 45 32 52 50 35 8 85 90 81 73 5 12 41 22 36 70 93 66 0 50 21 15 34 93 98 72 70 59 10 75 53 67 26 51 44 33 72 24 32 67 51 81 0 28 76 72 87 46 85 73 3 0 97 97 59 43 82 45 50 22 19 86 32 92 25 60 19 42 70 28 23 19 45 93 66 3 25 14 88 49 92 90 2 1 36 0 98 54 95 69 99 18 76 97 76 6 62 97 80 57 64 68 91 38 86 25 88 2 48 49 86 60 84 19 54 11 78 92 96 86 53 94 18 39 97 1 11 91 89 64 43
67 63 39 36 79 6 29 89 43 48 81 27 95 40 82 2 73 87 11 78 26 32 6 55 98 69 37 66 89 35 75 41 67 98 69 91 68 73 49 18 88 61 5 45 30 0 25 83 84 22 34 42 88 8 27 77 82 77 2 73 9 14 61 22 93 58 7 66 11 51 69 58 65 49 45 58 0 88 14 96 90 48 96 73 2 45 11 92 88 77 31 87 19 88 65 12 45 51 45 74 21 29 69 85 12 50 99 80 98 33 48 53 41 53 31 19 61 80 20 45 18 36 10 66 11 96 49 89 12 56 54 18 41 45 29 64 99 64 84 28 48 65 82 47 57 56 55 71 4 75 56
35 70 79 19 85 44 58 56 73 9 74 62 32 33 61 85 95 21 13 2 94 74 50 98 45 12 78 89 71 44 44 66 70 16 26 99 59 95 66 21 59 4 41 35 99 63 0 37 36 86 83 33 26 56 3 91 96 48 42 56 22 34 82 85 99 86 56 17 38 16 65 30 27 13 12 38 54 44 74 66 45 99 78 12 56 77 40 17 35 84 49 81 67 88 13 95 17 2 10 22 84 87 89 62 10 93 96 34 19 56 67 34 18 95 16 40 92 46 9 35 75 96 79 60 32 38 14 27 13 47 60 6 90 59 40 41 19 75 5 32 80 31 84 62 74 50 46 60 78 23 14
23 54 81 4 28 23 42 87 60 26 93 17 72 49 22 61 75 71 31 70 79 42 44 75 34 81 41 47 93 85 64 12 96 87 54 95 5 61 74 6 44 5 21 30 44 75 86 8 92 97 54 16 68 10 16 98 70 60 19 21 54 35 80 41 22 43 47 37 40 90 23 30 82 28 34 95 71 97 12 73 68 33 31 3 66 34 55 96 95 58 36 77 60 62 57 11 13 52 97 81 17 94 17 23 82 10 76 55 17 27 39 37 67 60 94 14 71 51 33 5 59 79 92 79 10 8 29 81 65 78 55 12 31 93 68 97 8 32 92 87 5 40 57 42 97 1 27 78 39 25 81
9 8 96 36 42 37 83 32 59 54 12 73 94 15 19 27 20 75 21 85 7 32 82 96 90 46 85 39 35 91 95 45 32 64 4 19 75 13 80 8 21 44 54 47 34 84 0 23 28 25 18 75 14 53 96 93 96 26 31 29 20 38 75 27 51 44 68 65 77 5 7 67 20 51 97 26 37 39 11 48 74 41 77 46 17 41 57 32 96 9 59 53 70 25 40 4 0 45 23 62 98 37 60 83 58 71 96 33 63 79 34 38 61 55 41 7 27 87 51 12 78 3 58 56 68 12 29 43 41 65 38 35 24 58 23 26 29 4 55 68 28 37 92 0 21 51 95 68 5 4 36
43 38 24 71 97 72 70 96 30 65 98 56 55 35 68 96 76 56 99 51 7 63 48 20 72 38 89 2 60 67 71 17 3 9 84 23 76 99 96 3 95 16 2 49 43 64 42 71 95 43 94 52 31 12 69 91 96 0 94 19 56 77 53 58 37 45 83 29 29 64 61 75 47 3 43 74 85 55 9 75 57 38 78 32 59 97 71 65 57 51 52 85 66 82 93 23 28 64 98 1 5 85 81 0 78 28 80 22 19 96 48 50 91 49 99 10 64 56 19 78 6 24 32 88 73 11 16 44 86 5 59 20 15 59 58 78 99 9 56 14 8 62 72 66 97 33 42 39 32 5 53
82 81 73 66 37 17 67 46 97 57 16 35 13 23 33 33 33 8 48 29 69 49 49 80 16 63 12 97 45 57 86 24 1 12 44 86 11 15 91 6 58 34 21 59 1 94 53 97 5 43 19 30 35 68 43 5 45 92 40 5 19 42 21 52 3 36 28 92 47 50 15 68 23 61 81 85 91 99 12 83 18 61 49 39 5 95 34 26 7 13 96 51 38 68 2 98 36 93 5 69 0 82 82 29 47 34 14 18 96 66 21 18 24 53 42 43 66 86 87 24 55 26 52 65 17 73 11 78 68 70 96 23 90 79 70 57 60 12 90 63 98 87 34 16 18 85 27 28 47 51 33
98 21 39 89 32 25 12 46 55 58 41 75 35 74 26 16 43 40 24 4 86 96 83 84 77 98 83 38 33 15 56 77 93 64 36 37 17 65 14 35 94 20 52 4 82 35 98 55 40 20 74 60 61 79 17 94 90 62 24 65 42 98 24 23 72 18 84 6 38 5 72 32 58 16 88 73 54 26 63 5 91 57 42 26 74 41 61 25 6 83 96 35 95 13 0 74 48 50 44 90 49 2 35 10 40 59 8 16 9 66 46 58 5 65 51 30 3 46 20 73 2 10 98 72 40 19 22 95 17 23 36 23 85 15 70 56 43 73 94 88 25 91 34 96 81 33 23 97 74 45 0
86 2 33 8 84 85 89 0 34 50 27 36 44 17 85 46 28 16 74 16 46 27 54 27 77 4 1 76 77 73 62 99 19 33 49 52 75 10 42 70 90 47 96 63 26 55 95 82 39 18 62 39 68 24 38 41 14 5 4 91 96 91 46 21 52 99 18 83 94 31 38 74 16 73 8 42 99 69 93 46 9 22 73 7 63 3 20 5 78 1 4 71 65 87 8 72 11 29 40 64 39 48 58 50 16 28 17 89 5 9 44 46 5 55 51 95 68 3 75 46 90 87 60 90 68 75 9 98 38 99 54 5 20 73 25 77 29 95 64 24 94 50 7 62 44 70 76 85 86 94 67
44 77 52 99 10 77 62 68 23 61 32 26 16 76 34 20 68 36 67 29 99 32 64 23 63 21 6 63 95 17 58 5 64 77 68 91 36 25 84 57 37 86 61 98 2 23 99 78 57 13 55 52 29 74 90 95 20 17 96 74 6 25 69 81 36 64 34 46 20 58 49 45 10 23 29 20 31 89 36 44 54 71 72 49 95 84 78 68 10 32 84 79 70 43 46 1 47 58 98 29 29 66 92 99 77 68 5 6 91 75 98 60 38 55 13 99 9 83 3 4 7 78 5 8 78 81 1 75 62 13 93 1 48 16 23 59 54 3 68 74 17 19 23 89 98 17 87 80 75 33 49
70 73 74 39 35 3 5 33 3 55 31 87 72 85 20 21 18 86 38 79 46 70 39 32 92 41 4 49 62 48 52 80 87 72 33 51 49 9 73 0 24 85 28 51 31 96 78 14 44 20 45 17 91 74 46 81 35 95 61 12 7 14 62 32 78 90 2 73 34 36 99 93 10 60 97 61 85 21 79 30 95 4 30 87 85 1 24 63 6 40 8 83 33 11 29 65 60 5 2 56 94 84 14 32 82 56 82 82 88 67 29 53 18 70 23 13 88 22 69 60 40 37 32 71 29 56 24 59 39 60 65 41 77 96 19 21 99 90 63 6 63 4 10 19 70 95 92 86 27 67 18
98 81 21 2 48 76 84 28 90 50 23 74 23 74 34 60 80 37 21 39 36 14 26 93 24 45 82 98 54 16 78 89 11 90 44 37 61 76 41 19 34 82 3 55 87 59 36 79 13 93 13 15 97 48 65 82 96 75 27 25 78 30 80 20 89 82 50 71 98 50 57 39 15 38 75 49 64 79 38 62 80 63 43 59 48 79 55 37 51 54 19 81 58 44 56 57 54 26 28 97 76 21 13 98 73 87 91 67 75 13 78 59 97 9 54 42 46 77 34 42 53 33 53 29 89 8 24 58 4 61 61 70 99 79 40 6 80 23 84 11 59 91 34 33 72 94 2 57 82 63 8
85 67 5 81 22 35 72 26 83 49 31 46 96 6 23 60 54 25 77 0 21 45 79 31 45 45 3 52 27 29 13 14 11 7 68 47 60 89 73 71 90 55 81 57 4 6 1 15 58 34 51 98 47 0 78 21 89 52 46 30 25 19 27 35 47 22 90 40 94 31 75 87 0 84 26 44 41 70 12 70 3 40 85 55 95 73 84 64 2 33 30 58 3 11 25 50 97 0 74 27 13 92 35 65 42 42 82 10 21 82 53 81 11 55 91 48 2 16 61 55 85 88 72 92 16 21 59 54 57 38 20 20 8 13 98 42 15 72 74 80 49 92 53 76 52 64 58 98 19 96 33
43 89 61 79 6 22 70 45 20 59 78 45 16 52 49 35 55 42 5 38 44 20 17 10 34 29 5 90 77 3 49 76 88 22 17 16 38 50 46 71 12 71 29 12 65 25 37 25 65 42 11 17 0 24 16 9 45 2 84 97 79 37 4 2 26 56 6 2 99 79 28 12 85 94 48 77 26 67 28 92 99 36 97 47 64 78 94 26 79 95 75 85 18 67 61 66 17 67 73 77 18 11 44 78 21 91 41 45 84 37 19 43 84 69 11 92 78 17 94 89 52 92 39 46 33 79 91 70 36 36 7 18 50 7 35 71 14 34 38 23 61 79 29 12 35 82 53 5 0 70 50
14 34 2 9 31 52 33 31 68 64 41 62 48 59 82 85 68 57 27 41 60 48 63 71 45 69 77 75 46 21 81 90 25 87 27 55 96 48 39 60 34 73 12 43 76 33 33 73 77 37 98 88 15 65 19 85 44 2 52 92 34 78 73 63 5 36 97 43 74 16 39 23 38 99 52 67 9 44 20 40 51 60 3 37 13 56 4 98 59 17 74 98 37 85 7 89 88 5 99 20 8 24 29 63 5 61 49 56 35 65 90 25 80 8 71 22 44 50 9 62 79 83 55 72 19 28 23 91 56 98 41 85 67 20 94 77 7 32 55 40 75 27 16 73 4 6 96 38 83 66 7
6 84 89 48 90 6 55 0 17 59 10 39 40 86 9 30 76 56 92 67 33 97 27 98 43 93 86 28 24 63 29 22 26 26 61 59 0 15 84 79 84 83 43 93 27 69 98 25 49 24 81 27 49 31 79 47 60 98 96 58 98 59 29 53 29 41 23 14 79 12 77 96 40 65 35 60 52 25 91 74 55 99 43 49 18 3 13 4 4 63 19 38 31 40 4 81 72 84 77 27 65 16 65 6 36 37 50 83 22 74 41 22 63 96 73 92 78 49 29 45 97 23 88 84 10 20 93 46 10 85 61 4 11 40 81 6 45 11 90 86 97 66 50 16 4 45 44 60 68 60 33
45 38 8 99 69 77 30 85 43 19 95 12 84 29 79 51 80 90 27 53 69 96 47 17 6 91 60 88 65 99 96 39 97 1 80 72 15 63 91 70 69 53 81 74 88 47 41 21 63 20 5 76 72 9 65 75 89 44 15 21 59 33 2 90 1 70 12 71 0 72 58 3 36 9 40 78 70 93 15 94 80 2 9 11 43 67 27 50 8 78 40 51 67 65 25 66 80 82 84 71 27 64 12 9 51 78 89 18 72 20 76 79 91 65 62 2 6 18 65 97 5 53 24 93 99 94 37 0 83 77 97 65 72 71 20 97 99 22 70 76 24 94 97 59 19 32 82 33 62 26 27
92 57 35 40 76 29 90 11 15 22 78 41 37 51 77 54 36 48 1 12 81 64 60 85 90 73 36 99 27 10 55 99 35 87 17 62 36 72 24 50 95 72 42 20 27 65 69 79 62 53 12 75 45 79 99 25 12 73 20 63 25 74 77 26 83 36 1 35 4 88 20 23 73 82 8 8 94 0 65 26 61 91 10 15 19 41 85 44 50 2 93 24 3 50 32 42 91 40 47 58 2 65 30 53 32 27 88 48 31 70 53 4 47 78 44 36 56 7 95 50 43 21 6 3 88 78 4 38 12 43 66 85 16 76 46 65 88 32 8 56 38 58 55 56 87 85 22 45 77 39 38
20 31 13 60 92 42 27 33 27 28 12 99 35 19 99 52 26 97 45 21 15 31 48 16 86 37 37 47 24 43 35 44 21 82 15 43 83 47 27 19 20 33 67 89 11 39 68 84 96 28 6 38 10 66 24 52 27 38 34 83 72 93 94 11 93 13 19 2 36 80 16 2 26 94 38 69 51 71 58 42 44 8 42 76 18 46 26 35 46 84 87 83 76 65 36 97 89 31 33 78 15 65 1 22 31 12 87 58 65 40 17 82 89 37 2 78 25 0 46 29 36 50 61 3 77 57 1 60 49 73 16 6 31 21 66 72 94 18 23 33 19 83 89 64 31 91 1 86 12 92 81
66 36 49 35 26 72 59 5 70 19 17 25 42 94 45 51 18 13 16 65 38 91 9 23 68 63 19 73 52 59 94 74 75 46 71 66 29 35 27 92 93 66 37 91 35 58 82 76 25 72 10 66 23 86 25 69 18 33 96 19 53 70 93 5 94 15 59 70 51 79 27 67 52 71 92 99 9 45 33 90 41 63 29 18 91 76 26 81 26 84 62 38 20 17 26 18 48 82 29 19 52 24 69 25 70 80 47 53 43 1 1 15 39 11 84 16 96 73 11 78 1 72 66 76 50 8 34 69 98 32 81 40 38 58 22 50 89 89 72 37 66 43 28 61 13 48 79 85 14 21 13
36 69 13 7 6 67 62 34 38 6 0 8 34 62 12 2 10 12 60 41 18 41 71 64 27 36 92 90 77 22 27 0 83 59 56 17 63 14 69 41 14 29 15 61 56 95 28 5 1 71 8 54 0 85 77 75 1 33 57 18 87 80 85 87 7 99 37 40 16 56 67 33 64 80 59 81 51 75 73 54 43 78 90 93 61 94 85 89 72 94 79 46 72 39 37 95 44 86 14 25 25 8 26 71 44 5 39 10 7 26 58 55 37 44 72 76 31 79 59 88 38 61 25 74 55 44 21 81 63 6 86 91 69 62 16 19 22 86 16 74 71 9 24 90 66 43 14 18 31 56 67
22 1 16 15 7 90 10 63 86 79 32 74 2 65 8 86 65 78 9 41 13 29 79 0 47 45 18 58 68 32 42 49 24 31 85 26 64 67 58 40 17 20 85 44 95 13 47 72 81 20 68 71 17 78 45 28 84 48 57 51 84 75 96 96 54 86 30 1 69 74 55 21 73 78 39 20 41 65 90 14 6 81 9 8 8 93 7 45 51 98 60 66 84 28 79 42 88 89 77 65 66 8 18 84 61 97 28 41 20 40 58 52 57 59 82 43 33 36 76 55 81 48 51 61 96 30 15 41 85 17 29 17 60 29 34 94 70 1 22 95 68 2 26 30 2 84 30 17 60 64 64
2 22 32 14 80 26 90 87 30 63 40 97 94 6 25 40 55 20 31 63 83 54 93 91 32 80 35 24 85 22 36 37 2 94 52 57 42 32 16 32 30 20 39 87 66 28 51 55 94 18 78 26 0 73 7 8 38 69 44 2 48 14 45 56 19 29 35 88 79 49 59 89 7 52 63 2 36 3 16 84 65 62 13 18 26 57 44 51 31 11 23 83 33 8 35 83 96 34 65 99 12 50 12 38 50 5 43 86 33 46 3 78 43 14 62 85 50 23 6 68 53 83 45 7 52 48 17 70 31 14 6 87 16 69 51 41 43 93 95 42 15 37 6 10 99 51 89 81 75 22 82
92 2 61 16 89 50 67 56 48 18 85 34 90 31 0 19 7 5 50 31 48 2 28 62 52 99 84 16 4 54 82 39 23 19 0 10 47 38 96 68 30 15 54 69 21 10 34 5 59 30 10 87 91 69 16 70 19 81 87 44 93 94 99 51 68 36 98 26 0 52 40 68 43 92 11 56 44 16 12 9 62 89 89 12 43 84 68 32 87 34 54 42 44 55 34 47 23 93 73 4 80 65 81 97 68 58 2 50 72 2 57 58 91 85 49 37 12 44 24 21 46 10 14 97 88 66 38 67 85 30 82 96 27 73 77 3 32 41 52 18 95 35 77 17 76 64 32 53 42 60 17
64 77 25 39 89 79 27 91 6 70 95 96 63 93 7 63 73 44 89 49 66 26 68 20 29 17 0 23 54 21 84 1 66 6 55 33 66 4 32 33 41 21 68 17 31 78 59 48 56 76 90 12 46 90 91 3 64 55 58 98 59 1 41 55 39 93 0 35 56 51 87 37 32 95 69 55 2 22 61 90 59 99 24 58 36 13 95 77 55 93 38 12 85 70 6 28 23 37 20 42 20 96 36 90 10 15 61 51 35 29 26 91 44 17 43 27 13 28 46 82 25 16 68 83 38 92 80 42 65 19 18 98 80 55 30 56 96 94 2 45 50 59 98 31 53 47 18 55 86 64 32
78 8 32 4 85 4 91 6 23 90 58 8 19 26 84 25 52 41 11 98 0 63 36 68 56 70 1 27 22 58 87 81 22 69 0 86 79 1 7 53 18 81 87 77 49 13 23 54 57 10 31 23 82 70 32 44 92 80 54 40 79 33 71 86 9 60 24 10 73 95 0 20 8 43 29 64 87 85 80 28 83 39 13 71 77 83 72 82 30 51 86 30 16 79 79 47 32 68 10 84 18 69 71 7 23 88 85 22 78 22 35 72 75 68 10 79 14 7 46 43 83 63 2 98 99 80 30 38 33 66 43 27 60 43 74 39 30 39 99 63 78 40 60 29 75 16 65 51 92 61 23
71 97 67 98 30 44 65 46 41 78 49 17 97 57 82 10 11 21 25 58 87 78 64 63 63 21 36 95 19 53 1 39 85 6 92 45 35 85 12 17 28 98 10 32 76 50 20 15 59 93 78 30 22 12 96 29 15 53 35 24 75 55 87 3 29 54 17 56 1 44 79 5 38 54 25 15 90 2 39 50 20 9 69 92 72 74 94 24 12 53 90 51 55 95 99 89 28 43 59 6 32 10 17 9 39 68 9 39 53 15 58 65 78 17 23 31 77 49 5 97 87 3 45 64 10 45 89 70 65 79 78 0 11 43 54 17 96 50 36 99 82 23 33 57 19 46 92 53 1 29 17
96 39 14 27 48 94 5 98 55 52 73 18 41 36 47 62 36 56 52 35 40 33 91 64 99 42 90 11 51 60 81 43 42 20 71 58 31 13 50 93 62 82 81 46 50 30 85 50 96 52 56 97 97 18 91 59 57 96 99 33 83 89 51 33 85 99 17 71 76 49 89 82 53 66 80 79 23 32 79 32 76 27 0 52 31 45 10 11 93 87 49 82 29 50 65 49 98 3 92 53 64 60 2 97 42 13 97 28 3 68 31 78 12 13 99 13 78 17 73 30 1 66 98 81 20 69 24 50 26 1 4 14 70 39 9 38 23 26 56 2 82 36 33 39 32 99 70 47 89 84 61
38 15 74 4 7 25 31 44 51 91 36 21 30 31 46 45 61 66 70 58 89 73 25 7 91 72 24 79 3 52 41 55 62 65 30 2 23 63 32 36 51 75 76 24 43 54 17 92 67 37 71 26 20 59 59 75 30 0 1 40 57 84 59 98 6 9 75 9 19 47 12 41 47 12 18 52 47 72 32 96 18 42 64 8 80 5 14 2 20 96 81 81 40 57 47 1 58 94 52 79 52 72 79 39 0 88 25 2 63 40 55 1 28 27 19 20 97 19 18 48 77 28 57 4 69 10 42 27 74 7 46 46 89 91 65 26 47 65 46 56 30 15 10 77 72 23 88 7 19 48 15
65 38 80 71 23 52 31 34 41 67 10 59 54 40 63 38 6 78 69 12 88 41 92 45 87 70 30 71 88 33 37 73 4 54 44 94 5 16 34 28 47 92 46 98 77 94 57 70 14 27 78 67 30 0 32 43 74 38 51 37 75 19 81 39 35 41 40 19 63 38 32 80 76 4 47 92 49 67 73 88 51 45 46 76 20 10 11 98 27 9 84 41 36 91 29 63 68 99 60 72 63 66 43 18 50 33 0 31 1 22 62 22 21 60 72 98 64 56 91 48 21 29 24 32 8 67 28 99 28 16 4 97 55 87 27 54 87 31 27 79 73 72 80 62 24 29 39 14 33 89 63
38 90 76 3 33 66 39 71 73 38 81 65 85 82 82 23 55 44 72 19 95 86 52 24 54 83 30 37 11 11 27 89 52 48 1 49 21 54 73 1 99 72 52 25 0 37 74 28 83 0 85 24 7 35 11 2 32 60 45 5 62 95 4 90 18 24 72 97 35 97 95 99 42 32 71 45 99 43 85 30 25 25 3 98 28 44 45 57 25 29 89 39 70 32 24 17 16 38 73 49 63 2 61 84 86 27 41 10 25 20 9 83 92 81 9 13 69 42 77 41 37 82 62 27 3 6 32 22 30 78 45 20 34 17 80 1 99 56 42 18 26 96 98 30 69 25 67 77 2 40 49
27 64 41 56 20 50 38 24 26 52 35 6 94 63 38 56 13 9 53 58 42 75 88 93 17 85 29 89 2 24 2 86 47 6 41 3 96 18 99 20 9 10 19 58 15 79 86 17 49 60 32 61 19 64 75 30 20 18 65 67 92 54 48 7 24 22 89 99 70 39 61 95 66 75 52 88 71 29 8 46 29 96 42 88 47 15 13 9 92 21 40 62 71 57 99 22 43 54 38 81 78 78 56 74 98 17 34 12 87 25 12 40 60 24 87 69 56 62 18 89 33 14 67 64 51 28 74 92 43 9 75 40 12 47 21 53 32 54 35 82 97 80 39 47 26 42 71 26 92 93 95
95 42 65 26 39 16 64 13 40 17 74 34 75 96 68 99 63 53 60 13 18 74 17 84 62 60 52 1 46 37 3 51 50 67 85 93 58 6 44 0 43 24 15 81 85 42 59 74 61 68 33 1 4 54 81 35 82 90 4 46 89 9 80 39 60 1 36 51 17 69 92 20 1 17 66 57 47 50 96 78 46 58 54 83 57 97 11 60 78 11 96 38 11 34 45 37 86 92 89 30 76 10 17 72 21 68 64 98 46 96 46 56 15 39 51 79 84 99 27 32 76 72 21 45 85 38 65 15 79 7 95 36 99 63 50 45 92 72 5 76 83 65 1 27 36 94 32 68 77 5 30
38 45 52 83 3 74 35 21 84 69 43 4 38 67 53 47 69 18 49 65 50 84 59 26 43 20 19 45 72 64 5 99 2 64 92 82 83 49 72 12 25 89 7 2 11 70 33 17 26 82 12 84 46 87 71 84 89 9 87 58 89 61 92 15 13 67 59 38 46 40 53 10 16 66 88 54 37 58 9 20 27 89 97 50 42 27 9 96 36 44 34 98 20 0 95 77 42 51 94 71 72 90 61 40 27 65 89 92 90 90 2 34 53 27 7 71 94 8 49 89 40 32 55 75 0 78 80 2 73 91 56 84 65 59 30 61 66 70 15 76 63 94 85 62 19 47 50 86 8 22 52
43 89 71 22 7 87 26 25 13 98 8 74 3 16 0 3 98 87 73 65 2 64 99 56 37 97 38 67 65 94 98 28 11 92 66 20 92 79 56 56 98 86 74 95 90 10 51 76 46 12 29 24 70 24 55 45 21 59 52 98 42 89 38 38 72 68 80 1 16 9 72 23 78 36 97 64 3 51 26 9 73 64 34 72 64 85 36 58 18 81 20 14 39 89 64 95 3 89 58 96 8 16 54 72 88 60 4 45 4 27 12 10 36 44 30 80 32 57 68 41 50 16 87 68 86 62 35 29 3 8 32 58 52 94 18 61 12 91 40 28 70 62 57 15 94 94 55 80 73 41 65
44 88 35 68 47 16 71 7 78 8 88 13 14 72 97 85 20 31 67 88 4 61 83 33 63 8 36 30 29 93 76 14 5 57 79 37 92 61 26 40 80 83 37 10 37 84 98 85 15 84 2 33 23 21 39 68 88 1 58 58 75 46 72 76 71 63 31 76 30 77 37 47 85 43 27 75 86 24 57 32 1 44 76 55 10 54 30 75 50 81 26 48 33 65 27 49 5 62 51 17 58 68 12 62 83 1 71 39 58 40 58 5 61 30 51 25 20 32 32 80 59 89 30 40 79 62 54 78 25 56 79 49 3 30 1 31 48 48 84 63 68 99 88 64 17 67 89 12 61 15 8
13 88 48 21 69 62 17 61 92 18 28 47 92 22 62 62 13 83 13 10 47 81 35 28 41 8 26 10 12 42 11 28 37 89 51 24 80 70 54 99 78 51 27 24 6 87 34 65 92 47 50 74 30 33 30 78 33 81 35 16 20 79 3 42 40 2 93 97 28 50 37 42 28 2 95 1 22 65 68 39 16 38 2 3 13 43 10 98 86 22 7 61 93 11 13 74 30 87 87 62 23 79 66 24 98 38 8 71 53 64 42 59 29 83 46 21 28 15 21 32 42 78 9 32 39 43 71 10 28 24 36 30 19 56 33 70 64 55 29 96 58 89 94 88 52 57 73 68 10 98 48
55 56 85 69 21 93 6 34 88 8 10 76 6 56 22 78 55 87 25 22 62 62 64 49 45 88 10 80 89 36 60 39 96 88 87 20 65 8 61 70 62 8 7 36 81 68 8 72 5 2 56 32 93 21 52 64 35 32 49 21 39 58 84 74 75 62 40 58 79 36 92 11 6 75 92 63 47 21 27 28 82 0 0 94 71 83 9 17 66 66 50 51 26 3 87 61 92 99 84 30 95 84 57 97 80 69 62 61 80 11 83 55 11 27 89 16 86 7 76 77 5 33 73 75 6 60 40 0 6 77 31 0 5 41 43 32 58 22 79 7 57 75 50 75 96 38 43 87 1 73 93
39 86 26 45 72 72 52 23 27 74 46 85 4 6 43 52 24 54 46 40 16 57 89 19 41 61 14 78 94 12 3 23 53 55 35 12 83 39 81 38 57 36 85 66 3 5 77 4 5 5 2 22 93 56 61 20 33 1 21 94 34 12 59 39 94 65 18 41 99 27 48 90 24 92 62 70 93 10 76 76 62 23 1 47 29 94 10 81 31 49 17 31 26 76 18 20 65 64 29 8 16 1 88 86 6 6 29 37 33 54 87 44 57 32 34 45 45 92 53 19 67 93 20 73 11 0 27 51 92 67 66 73 19 36 27 3 65 65 26 51 27 84 44 27 76 31 39 10 60 25 65
46 73 25 20 36 76 81 15 55 61 44 88 4 99 52 78 76 51 94 73 4 75 40 60 25 81 5 15 68 22 78 3 77 53 37 28 28 33 29 54 9 90 21 27 21 48 78 80 43 89 21 59 77 26 6 78 8 18 38 59 46 64 25 59 41 78 84 4 98 95 35 19 41 29 55 48 5 31 80 87 16 19 70 83 48 40 51 32 45 84 98 85 35 9 52 61 57 86 71 69 16 5 0 95 30 19 37 41 70 44 72 20 24 21 96 81 70 20 74 67 58 23 53 3 65 22 70 12 46 91 74 1 47 99 53 34 72 32 37 4 45 85 30 78 54 3 80 61 68 50 55
35 83 39 74 11 75 82 40 37 75 38 64 74 88 94 59 19 0 84 5 16 86 85 4 91 91 0 54 31 52 35 19 31 19 8 66 19 28 81 64 3 21 84 7 11 53 82 50 15 18 55 2 9 73 69 24 92 35 18 46 7 15 66 21 67 3 94 29 94 50 24 80 3 27 19 45 36 91 13 32 78 57 48 88 11 59 7 5 92 73 60 8 50 26 35 41 81 43 48 59 45 48 10 20 61 30 8 39 13 23 54 99 11 17 73 90 2 94 87 48 56 94 13 19 67 71 59 7 31 89 40 59 70 90 68 70 96 69 71 25 50 31 2 14 19 47 20 34 39 3 55
88 36 89 75 8 81 52 81 56 78 72 5 66 95 87 13 8 26 81 52 18 63 17 39 53 18 23 47 94 36 35 22 49 11 46 8 51 79 47 2 63 61 70 70 72 30 21 33 21 64 17 2 60 45 95 97 77 79 36 16 55 79 20 93 67 34 39 77 48 22 66 5 4 53 83 64 57 65 87 61 14 5 94 23 37 91 83 98 49 95 39 48 24 23 51 86 54 37 5 30 79 91 43 19 47 98 68 47 81 19 17 48 13 11 20 5 54 1 95 33 37 70 75 56 11 96 73 81 15 76 27 27 71 94 36 95 65 4 41 56 71 48 31 79 68 78 6 86 90 55 5
83 25 35 37 62 74 82 80 28 97 58 38 20 9 88 67 53 49 94 17 49 88 12 61 17 91 72 12 68 83 97 60 90 86 43 8 15 58 90 86 66 57 51 33 53 5 36 46 30 4 80 12 59 20 16 7 54 72 19 7 17 67 71 99 42 71 69 9 35 59 22 14 40 49 57 17 98 98 30 72 41 84 92 75 17 59 43 65 99 89 75 71 63 31 22 0 25 28 62 7 93 12 32 79 28 99 46 57 90 94 34 32 2 51 12 46 85 12 52 87 99 45 70 31 7 83 1 94 6 14 50 27 59 91 67 71 58 75 38 51 47 95 0 52 6 44 32 20 66 85 65
14 67 45 98 60 37 86 79 88 82 43 33 93 40 78 95 0 49 51 95 15 47 50 97 87 29 68 70 14 31 16 65 76 34 95 99 69 49 94 38 0 63 86 34 56 99 10 44 64 89 41 67 54 48 43 31 5 9 58 44 35 6 17 89 50 8 61 43 31 27 9 82 41 9 96 2 56 94 79 6 86 31 88 46 16 36 25 12 78 88 22 62 72 77 14 43 56 22 30 44 25 74 52 41 15 11 47 52 34 47 72 50 85 30 49 21 56 92 14 11 49 62 24 74 28 89 13 85 54 56 35 30 12 68 43 76 22 33 78 17 2 83 58 6 11 90 78 96 22 92 76
32 20 22 16 78 12 7 0 45 61 80 47 42 3 51 93 84 22 76 69 45 79 14 17 64 43 28 61 99 55 44 28 51 10 0 43 58 3 53 56 77 47 12 2 96 87 41 11 16 51 15 32 44 45 0 1 87 41 60 37 73 11 36 61 28 75 29 29 4 54 36 88 80 53 40 76 12 55 0 25 60 9 70 92 25 86 77 22 35 29 72 67 39 37 20 53 4 67 88 80 22 44 32 7 38 44 7 82 9 44 53 11 20 84 90 76 53 75 25 91 60 83 38 22 49 46 84 86 42 42 50 82 40 82 12 4 68 22 77 99 36 74 21 85 68 56 2 77 83 46 36
93 15 83 82 82 62 13 31 13 14 12 50 18 83 60 34 56 56 93 3 3 93 44 54 18 48 45 51 13 64 35 57 64 74 29 39 63 3 31 7 74 99 89 44 8 51 49 17 11 4 27 8 62 87 26 33 99 33 23 52 34 24 33 38 56 23 77 9 26 7 11 94 8 60 78 5 41 20 49 32 61 83 34 65 77 63 33 6 72 54 82 14 7 62 53 38 1 13 83 57 90 95 2 85 33 14 69 40 27 1 89 85 77 81 24 89 63 32 17 20 73 75 10 48 5 99 47 8 10 20 15 18 71 11 39 33 95 70 11 26 77 3 21 6 56 6 83 52 93 35 93
13 2 32 75 74 79 7 1 89 84 40 21 77 69 19 43 44 55 5 8 86 56 26 8 84 26 42 93 27 53 20 98 4 26 41 70 85 21 13 22 1 95 78 33 13 29 62 53 75 84 10 76 44 38 89 79 59 83 9 56 61 13 83 79 16 26 90 61 48 67 26 52 72 87 12 99 94 26 1 66 70 56 81 76 29 54 49 61 11 74 72 79 18 40 31 12 66 42 16 49 11 54 90 87 58 83 28 23 29 72 95 46 37 93 6 18 45 96 69 75 96 5 10 81 87 47 65 43 7 70 73 79 55 89 8 60 51 44 4 81 25 48 57 52 31 52 41 83 46 44 30
16 46 70 23 96 92 68 76 17 85 97 23 73 84 44 97 67 23 54 74 74 42 5 39 84 22 25 54 76 30 7 48 5 5 26 59 91 96 29 13 93 89 28 65 56 36 15 9 95 62 13 98 80 9 27 93 47 13 75 26 19 85 60 55 13 73 44 30 2 95 46 20 65 35 31 51 5 18 87 35 56 88 69 50 48 90 50 78 25 99 40 40 70 50 0 22 1 5 34 96 64 5 57 36 93 19 6 34 34 3 79 80 43 72 85 79 10 52 3 26 85 22 66 91 91 81 77 93 0 7 74 22 63 83 96 18 94 13 92 92 17 69 87 0 40 80 74 14 7 47 13
15 84 24 58 57 3 39 21 66 3 73 81 78 2 93 42 82 59 45 19 3 36 44 68 42 82 58 0 6 45 39 60 47 9 90 24 42 71 23 76 91 26 92 15 54 13 78 16 55 81 98 41 33 69 74 61 79 6 71 95 79 26 34 21 75 69 36 15 0 70 21 16 93 8 49 12 57 80 46 36 11 16 66 3 80 58 34 46 43 83 51 98 81 0 17 59 42 15 98 76 24 23 34 11 87 77 10 91 35 95 25 0 51 19 3 13 79 57 37 59 53 82 62 66 28 73 2 22 33 76 8 32 63 68 77 88 74 34 36 61 81 2 88 52 34 26 55 30 58 16 29
29 6 74 36 55 88 75 20 14 12 3 70 44 88 23 27 99 78 71 83 90 5 89 87 74 90 90 72 55 70 57 54 67 61 76 1 5 38 8 24 4 38 49 72 95 11 98 59 49 18 95 98 70 1 36 13 48 23 27 43 4 57 63 42 89 12 75 61 60 93 42 37 83 20 41 57 91 56 52 54 13 71 10 79 92 24 79 62 93 39 8 88 17 61 14 76 40 76 88 40 7 44 39 63 59 34 0 83 54 51 97 99 71 65 78 73 45 49 42 31 50 12 74 3 58 49 5 13 95 72 67 29 23 57 26 7 77 95 45 64 70 49 96 26 36 63 40 35 85 23 9
15 49 6 76 12 98 33 50 7 66 2 75 34 48 0 46 24 92 88 93 78 79 20 7 40 42 86 95 39 52 15 21 86 52 30 59 23 50 33 52 70 37 79 64 77 26 15 17 7 84 96 64 7 83 2 21 60 35 74 96 75 10 26 32 21 46 92 10 60 70 97 27 93 1 10 83 28 64 27 58 3 89 97 93 72 80 42 94 75 7 14 94 65 62 49 75 67 0 40 38 66 10 86 3 4 65 21 12 85 64 5 20 41 44 97 37 17 19 44 38 8 44 47 70 19 13 74 70 9 33 57 54 59 57 66 44 36 89 81 98 29 64 36 53 15 64 92 67 78 40 40
81 47 88 13 31 50 51 15 86 54 33 36 3 53 5 11 22 76 14 41 73 88 13 28 4 76 93 20 7 67 79 94 3 25 14 19 43 26 16 67 57 91 0 9 92 14 24 0 57 24 74 51 47 58 94 57 65 18 11 66 62 80 7 63 92 65 59 74 10 43 36 27 96 7 87 59 98 64 46 53 5 57 72 36 1 3 49 51 60 73 79 93 96 4 85 78 68 87 13 78 21 76 30 69 20 30 45 91 93 32 29 95 14 14 57 79 65 54 24 78 5 65 4 55 88 33 5 70 23 84 42 74 67 11 95 14 59 81 58 24 68 90 3 40 72 8 91 37 67 77 40
95 84 55 19 25 99 58 43 85 45 32 50 15 41 87 15 67 91 39 38 96 75 58 54 46 39 22 13 26 38 55 33 17 37 6 86 87 12 66 55 43 50 38 95 93 47 31 21 83 2 92 34 4 43 56 64 7 59 5 75 33 91 83 46 60 64 39 87 20 32 82 20 10 86 38 63 71 96 69 15 10 22 29 57 35 44 32 61 25 0 4 41 47 38 23 72 24 85 57 53 45 66 95 51 91 21 53 45 42 65 91 83 20 45 66 88 91 17 57 35 19 42 27 12 80 97 33 75 29 32 1 61 77 99 51 28 47 28 2 10 89 45 22 86 93 13 29 89 65 86 93
8 65 26 11 3 39 31 46 27 71 33 34 1 85 71 7 11 33 57 93 92 9 44 46 92 66 41 69 26 96 53 42 33 28 6 23 90 93 26 18 16 87 28 20 19 97 73 71 79 49 29 99 73 2 76 20 68 61 56 15 90 86 19 22 86 10 75 35 34 6 50 45 9 95 45 0 39 29 17 47 86 83 96 63 77 16 66 49 88 48 72 29 54 84 43 83 43 57 29 16 6 41 60 35 16 89 81 77 75 96 76 6 2 95 59 66 94 10 93 64 74 26 88 99 52 49 62 62 43 72 1 58 78 91 28 96 83 56 54 64 69 2 18 78 71 5 84 75 50 81 82
36 83 83 11 7 58 63 27 44 43 91 41 0 47 48 65 96 90 0 33 20 44 77 42 62 59 74 9 50 88 36 44 9 46 43 11 28 92 27 67 35 63 10 83 62 7 15 35 66 87 50 50 5 73 55 4 97 48 77 96 68 25 4 77 74 25 78 47 23 52 28 89 4 99 29 29 64 92 77 88 96 76 96 10 28 95 37 25 28 44 33 86 24 55 33 41 93 70 9 23 14 0 47 11 46 7 8 21 3 86 22 45 8 94 96 43 8 62 30 9 12 73 16 88 3 12 15 65 28 22 15 67 21 15 32 1 11 94 60 13 15 3 53 16 36 17 76 26 78 54 11
83 55 79 82 72 92 79 61 60 25 1 3 99 54 46 30 96 18 65 36 47 46 25 7 1 22 45 78 80 53 83 92 48 34 36 69 56 16 1 11 31 34 14 19 7 56 27 6 35 42 4 36 37 27 7 68 15 67 90 89 11 53 30 36 59 9 82 66 35 34 5 75 38 48 7 63 63 16 4 56 83 17 83 52 25 19 54 35 91 19 91 58 33 71 6 36 9 32 34 14 8 82 23 3 44 31 82 17 15 88 77 7 88 65 69 12 69 92 60 85 4 90 5 19 96 50 88 92 89 15 84 52 53 49 15 20 89 51 68 10 95 52 36 76 5 19 75 28 15 22 11
33 3 20 0 30 86 19 58 95 16 58 52 72 97 90 2 17 26 68 49 99 19 55 23 3 67 76 73 9 10 0 59 5 16 25 79 33 25 69 98 30 69 60 29 62 67 13 35 99 43 9 96 91 55 61 89 99 69 18 79 34 30 94 46 38 81 40 24 66 3 52 68 9 5 7 0 38 69 31 46 6 43 16 6 82 19 74 31 5 91 42 97 26 18 92 26 59 1 87 49 4 7 73 90 87 80 49 21 97 22 52 75 41 75 20 7 28 43 68 59 37 59 96 10 43 72 11 18 26 34 0 83 3 36 84 82 61 45 84 88 73 74 58 71 5 50 36 47 45 83 0
51 30 54 63 23 73 3 39 47 56 64 25 13 24 4 31 23 95 68 78 32 96 88 72 25 98 17 5 66 85 88 64 54 61 3 21 68 86 83 83 35 72 28 56 5 1 26 24 94 28 46 88 27 93 86 95 25 87 43 76 59 37 56 47 93 90 43 89 69 55 20 63 80 28 98 26 81 48 10 35 21 65 19 22 35 76 87 5 60 29 21 47 39 56 16 62 91 68 61 46 77 77 86 56 77 53 81 72 82 11 75 15 26 42 14 92 73 49 87 13 73 56 98 11 86 74 84 80 60 4 31 50 62 95 85 85 71 18 30 36 36 96 59 12 12 26 0 78 44 24 86
24 60 27 39 48 8 87 93 10 32 18 5 19 22 53 65 98 9 93 12 23 95 59 73 99 92 54 68 12 18 90 12 73 2 35 96 14 52 15 5 54 64 97 20 58 94 79 98 72 87 3 91 24 54 62 89 91 85 81 54 33 9 6 45 57 5 35 16 89 44 98 2 23 51 78 87 63 1 65 48 78 77 83 69 5 30 38 63 28 87 85 28 59 50 63 69 79 91 73 67 72 42 5 42 26 37 40 11 59 81 55 83 21 0 90 39 93 3 88 63 15 10 75 31 85 81 35 92 19 0 87 38 29 3 90 54 22 54 28 48 15 52 98 43 68 43 56 56 55 41 66
17 56 39 10 58 90 17 14 94 86 78 13 9 86 46 59 63 84 55 26 25 6 31 13 32 24 58 36 49 13 31 58 17 93 25 16 38 75 44 10 88 15 51 52 7 29 81 23 63 90 63 78 7 79 69 92 98 4 17 27 29 85 91 3 91 65 80 22 34 20 24 88 0 87 58 68 8 8 78 78 12 71 35 31 85 38 40 95 29 64 33 57 62 45 35 42 99 93 68 79 16 94 98 53 79 97 27 57 61 76 70 8 61 36 17 54 43 30 6 18 70 9 57 98 52 31 24 81 77 99 98 61 48 59 54 76 17 46 27 74 22 58 85 22 37 44 87 18 66 33 28
61 67 26 74 65 48 76 77 61 1 6 49 1 51 28 11 29 47 76 49 44 26 32 46 62 46 24 76 44 62 57 18 49 5 83 78 70 73 4 0 55 76 7 61 42 60 96 46 44 3 98 57 38 78 51 39 42 43 27 77 76 70 56 60 72 80 9 19 19 80 43 87 66 68 25 59 98 28 97 35 1 66 73 28 73 9 35 54 21 43 17 96 54 7 36 93 44 85 48 32 22 45 77 87 2 26 45 30 6 79 18 62 32 65 71 13 61 32 83 80 83 0 79 63 41 80 34 10 32 6 15 86 31 35 1 96 63 94 78 98 49 80 90 79 82 98 92 84 70 74 25
56 72 65 28 18 22 94 90 19 92 29 10 88 51 30 5 9 41 57 0 99 28 84 7 9 74 42 15 97 11 96 84 28 33 22 97 79 16 65 40 8 84 92 25 58 34 72 35 56 85 29 80 34 39 94 99 1 11 14 0 1 73 13 71 10 40 43 85 56 60 95 56 85 45 16 89 80 28 50 77 79 25 87 73 2 49 34 88 95 23 60 24 51 75 66 67 55 3 91 88 88 18 59 90 25 90 22 74 90 72 18 81 15 31 36 4 47 52 50 96 11 74 66 34 79 78 43 61 83 45 20 67 68 93 63 97 77 6 69 94 73 3 12 76 15 66 6 72 74 45 11
4 28 42 82 58 18 62 31 23 61 62 73 5 54 18 99 39 93 55 48 56 28 93 31 23 5 10 67 94 50 47 3 44 24 72 34 89 14 10 54 62 51 62 54 83 16 65 76 10 1 0 37 89 92 97 84 52 47 7 45 64 67 40 62 88 93 1 85 55 21 67 17 94 35 29 15 0 18 17 26 16 72 69 50 55 40 4 90 96 38 66 10 61 77 40 44 92 0 52 22 70 19 85 84 95 46 60 88 36 18 63 88 63 11 47 65 34 92 78 46 51 10 85 80 6 53 9 3 67 84 97 35 92 6 60 26 77 47 89 73 16 86 55 83 48 42 12 93 49 48 50
52 44 67 38 81 81 70 85 2 19 23 0 35 37 28 7 92 52 24 82 26 40 21 96 58 63 45 42 57 24 72 21 42 65 20 16 35 10 60 4 3 51 39 73 5 48 37 66 9 39 83 58 0 38 88 27 13 56 0 24 47 99 53 94 51 13 14 63 96 64 40 88 82 94 57 57 87 89 7 55 49 96 97 1 29 88 37 96 14 87 94 14 6 23 78 26 1 47 5 83 11 7 49 87 52 9 13 70 12 85 12 92 74 33 74 75 38 98 86 46 18 64 8 80 38 28 32 65 92 73 65 8 91 16 35 17 53 1 10 34 72 87 11 69 97 28 66 45 67 55 46
14 64 15 98 74 87 61 85 91 21 69 49 47 54 34 26 75 20 0 33 68 51 76 0 68 33 51 92 93 88 47 14 96 89 23 40 89 37 50 35 11 80 88 99 10 67 93 19 85 97 75 55 96 81 7 32 91 8 35 73 57 38 43 37 47 36 82 46 3 16 92 74 50 60 18 41 63 18 74 89 63 5 62 93 98 74 80 66 50 42 4 9 40 31 46 59 76 34 86 43 46 71 58 64 79 18 67 19 69 38 92 72 40 80 1 26 54 6 0 38 82 72 38 24 54 96 4 60 74 10 96 52 25 24 76 35 75 49 91 99 16 57 68 24 33 17 60 93 85 45 26
80 55 21 53 69 95 54 6 21 63 86 57 1 96 62 35 38 42 77 6 23 61 46 17 94 22 17 18 13 86 31 3 33 5 26 25 14 75 95 16 81 45 34 63 21 11 26 11 29 55 4 48 5 14 57 24 73 90 99 21 91 16 88 74 84 15 7 22 73 67 13 4 72 40 55 47 90 67 50 18 5 99 67 12 31 72 90 52 70 70 28 3 79 85 52 83 77 90 27 19 63 37 42 72 50 33 33 69 6 50 71 78 13 54 13 88 37 40 61 65 51 25 79 42 84 13 19 19 61 98 66 90 27 47 36 4 44 84 19 53 2 14 45 79 25 32 27 74 97 29 58
52 6 16 81 52 35 18 9 77 15 62 93 29 71 32 65 87 1 69 97 95 46 2 4 16 74 64 28 88 85 71 69 4 42 3 77 98 37 77 22 30 87 87 68 89 45 64 99 89 14 71 88 74 81 74 0 17 11 30 26 64 62 98 34 45 28 66 4 25 31 51 26 5 33 24 10 51 38 96 96 63 29 11 16 16 0 54 25 79 28 52 29 87 16 71 45 24 94 60 29 91 68 83 6 78 18 23 12 69 78 62 6 12 52 28 72 71 67 27 24 21 85 68 78 21 39 52 19 45 74 58 73 9 55 17 4 82 5 9 49 44 84 32 56 69 18 43 45 41 10 55
27 36 31 26 80 62 54 67 38 71 88 67 72 14 75 1 53 0 66 65 85 68 89 24 97 53 56 72 38 68 65 84 27 26 96 60 64 94 86 95 91 18 30 76 41 92 45 87 2 13 74 41 34 49 46 12 63 28 96 35 64 89 7 85 37 10 7 20 78 33 75 20 6 10 6 89 28 82 85 19 97 4 72 2 65 6 12 35 57 95 4 95 74 24 10 74 19 50 49 10 25 43 73 98 7 84 51 82 98 51 18 94 3 29 76 7 57 1 26 18 59 29 92 8 61 1 52 75 19 98 76 68 82 60 60 37 79 52 74 98 79 37 50 39 13 49 46 37 0 81 99
79 28 7 74 8 92 64 53 4 15 34 99 40 56 95 75 50 4 13 10 9 34 50 63 45 13 56 43 52 50 61 58 63 18 32 8 73 28 1 67 97 52 43 14 70 27 30 15 7 51 75 11 33 80 72 90 58 97 88 14 32 84 27 0 11 64 40 69 60 17 76 72 19 23 53 50 71 24 91 12 22 53 78 1 8 60 93 79 10 7 75 55 64 37 61 89 74 62 8 2 64 14 69 49 57 55 15 6 7 47 75 58 90 8 23 92 3 39 38 97 23 93 69 94 57 14 48 88 4 12 91 57 70 47 19 10 43 19 77 86 70 51 58 28 43 46 50 57 21 8 55
1 54 50 61 68 6 27 8 63 77 98 22 88 58 41 32 83 61 29 15 22 59 1 40 0 25 9 22 75 71 72 32 3 4 9 91 60 20 95 1 68 81 32 72 87 51 36 38 71 55 59 6 87 55 84 77 48 80 35 67 95 13 30 17 75 24 24 80 39 67 86 7 28 45 94 41 44 90 87 14 16 37 67 90 4 54 73 65 60 1 30 30 36 66 55 29 73 86 97 99 43 82 14 42 74 35 24 98 77 27 26 52 36 64 80 58 33 27 16 36 78 51 76 50 37 3 6 14 92 30 66 92 30 26 20 38 0 85 58 50 41 33 30 5 7 71 73 98 15 15 24
82 84 90 75 83 17 16 96 51 37 76 58 56 71 67 74 46 0 46 48 30 81 33 95 55 27 9 32 78 97 89 81 66 91 78 97 50 41 28 32 43 88 17 25 31 59 20 8 96 91 34 30 81 63 95 52 82 26 52 44 52 99 82 60 26 19 83 45 94 47 72 71 63 9 7 43 55 49 2 49 78 73 69 97 88 93 50 18 56 58 0 65 61 73 54 96 76 12 13 31 44 54 56 53 40 16 24 75 27 25 89 62 10 2 36 83 49 22 23 8 52 76 95 3 11 56 81 74 14 62 5 70 91 67 59 25 32 96 31 27 32 15 48 30 26 65 77 33 27 79 38
99 66 11 2 78 17 55 2 38 14 64 33 40 51 96 62 67 60 14 80 46 64 92 20 90 95 19 10 91 63 99 82 54 97 18 98 25 8 30 66 35 61 67 31 52 53 55 92 13 80 38 31 4 91 2 73 9 9 84 26 78 64 22 92 46 23 72 2 30 31 21 40 50 71 79 30 34 5 63 27 92 36 48 88 9 79 32 58 76 48 36 1 68 91 40 71 91 94 10 94 88 2 5 81 86 96 3 66 82 37 41 40 42 80 3 60 17 94 27 96 15 84 14 19 38 82 70 53 80 35 80 62 67 54 1 57 4 20 29 35 71 43 72 82 39 75 60 90 84 88 81
91 25 33 28 25 97 80 15 91 25 94 69 86 67 31 18 63 31 6 3 90 95 19 16 23 90 91 39 65 78 68 5 98 50 71 32 1 67 38 55 80 43 99 83 58 9 83 34 48 23 52 10 81 93 8 37 40 56 98 88 83 7 66 67 18 59 37 90 85 90 15 86 26 26 98 84 71 15 56 31 76 2 21 90 18 21 6 4 93 64 58 51 52 39 63 32 82 16 45 16 47 8 32 21 98 73 59 65 20 2 86 53 43 30 76 90 52 63 14 52 57 79 9 35 6 7 95 90 72 96 45 49 57 11 52 51 36 68 74 98 53 82 24 70 48 15 87 40 11 19 51
97 13 96 88 25 42 25 36 68 65 19 31 52 79 33 51 17 39 36 91 34 38 75 86 24 59 30 88 26 71 9 10 79 88 44 59 9 33 38 24 63 56 10 13 14 27 48 50 85 20 17 61 90 87 25 81 22 26 18 68 53 16 34 38 19 63 23 22 35 2 26 31 49 7 21 68 50 78 19 8 45 62 34 2 15 28 73 88 8 99 92 99 76 31 0 39 60 30 24 93 30 81 97 87 77 43 95 16 18 89 5 90 48 74 36 48 94 18 45 32 47 38 15 57 81 55 20 74 74 93 67 84 84 82 72 39 39 80 81 81 84 87 4 51 31 28 14 84 10 63 38
72 22 89 16 26 58 99 62 14 86 51 53 83 91 85 29 88 19 93 98 55 1 15 67 75 64 95 57 15 58 5 77 12 1 30 99 94 72 81 78 48 31 5 34 26 39 66 33 16 66 74 7 26 89 84 93 47 1 85 32 95 29 15 12 89 72 97 23 41 27 21 81 55 25 6 97 8 74 22 9 99 3 13 3 77 68 43 0 78 2 51 4 29 68 37 96 74 28 40 93 2 22 53 97 3 8 71 18 55 10 40 19 0 7 40 95 30 61 57 79 4 81 24 8 69 14 59 98 55 96 41 4 91 2 10 83 41 17 40 98 9 57 15 33 59 20 20 99 95 42 95
2 54 20 58 45 15 49 18 40 41 0 64 60 82 4 9 4 56 71 56 81 55 36 17 77 5 92 24 54 62 41 79 89 76 82 89 63 34 51 92 36 44 17 31 87 21 86 17 70 21 86 32 74 42 2 42 17 61 47 53 72 1 10 3 24 81 84 79 44 28 21 19 88 11 30 67 22 26 32 66 50 59 3 0 70 88 6 24 91 27 71 27 50 53 91 30 19 17 84 54 75 8 67 62 42 14 11 19 7 22 52 0 37 46 1 23 40 54 23 92 21 68 58 30 63 50 98 64 38 41 80 35 26 89 53 89 53 37 4 9 42 33 24 23 33 43 20 70 37 36 18
59 58 56 35 73 76 36 93 6 57 16 56 13 73 72 10 8 4 41 42 46 3 79 93 71 56 1 12 85 72 70 11 72 69 25 18 24 37 47 81 22 52 26 54 17 10 50 56 76 41 58 60 34 16 0 91 37 92 45 18 19 22 75 14 99 28 97 56 37 73 91 57 18 3 64 96 79 58 53 85 75 3 3 46 24 8 84 85 83 87 2 1 69 18 93 26 76 94 56 28 98 1 68 0 52 38 9 61 26 51 34 66 15 69 60 37 29 37 14 69 43 24 84 21 59 93 14 80 31 90 25 98 91 8 62 41 70 49 66 90 95 57 17 50 19 21 90 44 68 23 20
13 56 86 72 23 52 71 12 92 17 86 36 75 62 7 56 29 23 76 18 73 10 3 90 3 79 46 16 39 82 7 60 90 6 39 61 90 89 75 65 98 40 49 18 21 9 25 32 44 0 35 93 24 70 30 29 79 87 4 22 6 35 36 48 55 90 90 52 86 62 17 23 17 82 19 82 62 68 99 80 81 7 55 72 98 28 21 57 35 87 15 37 58 15 20 50 26 78 10 60 51 10 38 68 23 62 72 89 62 85 12 57 38 62 6 15 16 55 5 24 30 76 35 80 78 41 16 7 85 16 41 54 86 6 82 21 66 68 16 46 35 62 85 99 49 63 93 4 69 65 5
81 10 28 59 84 10 18 62 0 53 15 62 25 38 18 68 46 3 48 99 1 27 11 13 70 91 48 36 17 53 4 6 83 37 65 65 44 83 33 50 91 82 83 1 45 39 53 0 43 1 34 48 63 33 86 57 94 76 20 68 50 40 16 95 19 96 98 80 84 36 59 15 77 64 52 74 83 81 84 80 91 34 39 21 11 38 81 72 91 27 3 67 18 43 30 53 38 55 3 36 53 21 12 30 9 58 30 61 74 97 50 89 32 32 54 34 38 93 60 43 65 81 38 59 5 97 86 60 30 38 96 13 31 58 44 74 13 45 61 2 46 34 45 2 53 20 54 1 27 2 28
74 48 71 19 54 12 42 84 79 24 20 74 7 24 80 42 4 92 41 58 21 92 69 30 88 9 78 33 7 70 69 21 56 83 98 68 50 90 26 87 34 92 18 95 35 70 10 90 31 25 82 44 18 64 88 40 22 94 29 99 88 64 34 63 61 72 33 20 73 8 18 48 98 50 20 97 19 77 84 54 80 90 80 67 73 40 41 45 65 6 47 2 44 48 74 17 58 13 86 87 45 76 57 14 87 25 94 99 60 20 18 84 26 97 98 11 2 42 63 78 4 6 42 23 7 27 52 36 51 96 31 77 8 1 4 79 48 79 39 29 42 31 65 12 26 83 49 4 5 2 31
7 29 22 75 51 1 16 17 72 43 91 86 34 4 89 1 76 18 91 33 43 65 91 4 8 39 77 41 6 94 31 15 15 44 94 85 53 3 47 71 96 23 55 99 31 15 28 42 24 80 80 98 82 70 11 83 10 22 65 82 38 69 61 94 42 2 74 70 97 79 85 16 53 26 16 0 62 31 86 14 45 67 24 23 40 75 24 43 31 27 88 3 6 74 61 41 26 22 10 48 71 50 41 76 86 65 30 83 81 95 24 62 52 82 29 11 51 85 61 87 50 53 82 1 16 5 38 85 5 21 30 40 47 73 72 13 20 47 17 85 11 78 62 68 4 22 20 32 82 93 90
91 12 40 51 12 23 91 57 3 16 79 18 42 81 26 65 45 15 41 73 30 24 34 42 90 82 98 33 24 17 81 80 48 68 81 86 24 67 78 65 2 14 83 37 2 86 58 96 15 19 42 5 58 24 66 31 44 78 15 44 92 28 14 98 16 16 80 65 49 73 99 54 23 24 42 49 91 12 46 98 84 43 99 55 96 67 42 98 12 48 12 57 84 35 5 60 97 46 4 50 70 95 30 45 17 34 59 72 82 69 36 35 38 91 67 22 2 2 62 13 12 55 50 84 47 30 4 27 7 90 97 7 52 59 32 25 80 0 82 39 75 52 6 85 39 61 75 89 78 52 78
60 63 95 52 33 94 62 97 47 36 50 69 42 35 91 99 19 40 41 20 3 18 38 30 94 6 99 87 17 48 0 65 54 14 38 63 27 90 34 10 51 18 0 17 40 15 69 65 38 73 77 61 22 38 77 94 30 4 14 69 98 82 36 1 3 47 74 99 96 80 42 69 47 4 20 96 26 83 60 40 74 88 78 84 65 13 74 0 96 36 65 40 17 22 44 29 59 64 51 51 58 99 46 21 99 63 95 15 86 8 29 94 96 96 46 66 80 53 18 18 68 46 5 78 0 33 46 93 99 13 15 59 79 98 82 61 72 1 89 21 53 94 62 17 51 22 93 67 90 19 4
31 23 10 74 40 83 87 55 61 67 96 60 80 57 56 94 19 62 84 2 19 7 5 64 87 24 77 85 73 9 58 60 78 40 49 83 53 12 28 24 61 38 55 83 58 69 86 71 2 76 40 93 36 83 73 4 54 38 72 24 35 12 24 22 57 19 78 77 69 54 68 48 10 44 57 3 52 59 36 83 45 14 63 31 62 3 41 45 40 86 26 6 23 2 55 82 79 33 69 36 33 13 10 19 42 26 3 49 31 31 53 44 78 1 47 15 69 14 26 15 0 27 68 61 53 21 4 69 32 26 62 19 13 32 19 81 54 79 19 80 98 81 71 25 36 4 75 35 98 79 44
74 97 85 52 27 42 95 62 37 23 85 38 91 60 17 99 2 38 99 47 54 94 41 44 62 83 11 80 76 41 16 3 58 49 48 45 52 6 41 87 88 82 2 28 84 59 38 25 70 66 63 50 25 42 19 61 56 59 51 16 37 93 3 30 36 31 26 36 26 52 8 33 5 96 85 0 93 21 56 91 78 39 98 17 5 55 18 57 97 55 63 57 40 18 41 39 75 42 56 75 42 12 14 25 64 93 75 71 27 75 84 99 21 19 1 47 8 92 88 2 19 29 12 90 30 65 98 8 78 44 24 68 47 71 76 43 13 41 28 48 22 25 96 18 86 35 47 16 27 18 55
86 1 52 53 52 46 58 38 22 87 8 77 66 7 33 46 39 72 96 2 55 57 77 53 92 63 19 29 84 29 76 45 34 87 76 46 2 17 88 41 48 89 74 44 50 27 85 23 32 58 10 24 73 49 46 70 64 80 60 6 32 68 15 68 66 57 61 16 44 83 72 71 64 57 82 24 15 19 52 77 68 78 19 35 28 94 82 89 83 67 52 82 79 61 7 9 86 67 63 59 26 36 17 68 16 85 60 46 57 82 89 55 13 43 79 25 34 83 13 41 5 1 89 30 97 88 83 40 77 77 54 49 45 91 4 27 41 11 80 25 32 45 17 92 75 59 6 58 91 17 44
66 58 87 81 49 2 52 31 57 4 16 47 96 80 76 68 42 58 25 78 81 61 47 19 10 40 85 56 72 81 44 75 51 54 40 46 35 75 82 24 12 83 79 24 44 71 13 62 51 89 29 38 55 67 46 40 15 90 2 97 82 78 3 93 86 20 68 22 17 27 53 30 17 70 5 74 64 51 84 9 0 20 26 40 78 74 99 23 32 94 76 82 37 97 39 14 1 70 31 27 99 91 94 56 95 0 1 1 20 38 26 30 75 24 49 20 46 2 1 57 1 80 73 65 3 7 55 0 77 1 13 15 91 61 93 55 88 51 68 5 93 6 50 24 85 5 44 98 8 44 70
77 46 24 60 63 96 46 12 96 94 28 87 92 88 43 30 98 79 9 11 31 42 67 69 20 34 55 72 22 92 67 79 16 59 18 53 16 27 32 58 64 32 90 99 77 23 20 28 25 15 51 83 45 80 3 83 78 18 53 70 64 92 71 31 26 4 57 72 89 0 40 45 56 71 2 27 61 34 69 20 42 37 0 46 8 26 0 43 57 21 85 93 5 23 49 87 62 57 26 33 16 43 19 80 35 59 73 86 90 4 92 93 62 25 74 98 81 84 5 38 97 7 45 89 47 50 28 99 60 34 17 40 50 22 72 24 14 44 67 76 19 50 15 76 24 92 15 98 34 31 83
12 59 28 93 34 79 3 28 63 85 22 21 70 56 34 79 64 61 58 88 1 40 11 74 29 1 36 64 54 92 46 73 48 19 44 47 88 37 22 53 46 49 11 8 53 28 97 40 77 42 44 3 22 48 64 39 75 64 54 17 22 64 41 59 83 44 14 17 0 18 21 28 60 95 87 0 63 0 70 56 91 24 96 37 25 25 36 20 63 3 9 81 11 80 97 17 36 99 92 40 0 32 3 48 11 96 83 10 31 86 58 18 62 9 88 66 40 58 67 8 89 6 59 98 99 50 82 19 85 95 88 12 86 4 65 9 9 35 96 73 78 88 44 98 9 85 9 70 2 15 2
4 49 42 87 22 56 76 19 54 80 72 99 93 93 43 33 44 47 77 20 31 22 32 32 5 20 17 52 81 31 84 29 66 46 91 36 82 21 16 24 22 69 76 93 42 9 19 31 48 20 85 76 54 4 52 91 69 61 37 47 14 95 45 62 28 28 40 72 25 58 61 13 29 77 96 18 5 26 78 58 69 13 36 64 87 93 86 65 61 54 76 3 22 6 54 11 10 81 73 21 5 83 14 27 73 64 79 14 84 89 78 26 67 30 9 83 18 96 88 44 82 0 14 48 37 25 87 0 82 51 83 40 56 49 97 90 61 54 39 93 67 20 93 95 99 90 93 39 75 57 73
43 41 46 56 9 39 10 8 12 78 78 62 38 99 34 33 29 73 98 24 39 36 1 81 14 76 30 15 43 45 16 9 39 99 29 78 20 59 99 29 47 17 4 25 45 46 0 17 76 29 53 31 4 77 83 52 19 94 98 20 98 21 41 11 78 4 61 95 96 67 91 30 1 20 39 17 98 84 50 75 44 66 35 71 91 92 90 29 29 82 25 91 10 23 41 81 83 90 45 60 36 81 34 20 60 17 7 37 41 51 84 46 60 95 51 53 78 27 62 87 4 75 32 17 97 43 30 30 23 19 46 28 18 66 24 57 49 86 6 62 57 41 54 98 88 61 14 41 19 30 43
48 97 57 3 42 96 13 86 58 97 94 68 8 36 65 46 18 66 18 26 79 88 11 20 91 29 23 47 98 56 79 2 43 27 84 13 65 12 8 64 29 74 47 2 11 4 12 22 75 26 30 3 61 85 69 23 56 10 4 67 64 95 12 85 32 30 17 59 82 7 17 84 90 49 67 89 58 96 61 54 13 62 49 30 23 87 38 61 11 48 59 38 28 85 94 98 58 95 35 96 27 98 80 6 27 50 85 17 32 49 17 37 10 57 39 87 50 44 83 80 19 30 89 87 22 34 45 68 87 74 22 90 21 80 77 38 83 22 65 81 18 11 91 3 7 31 68 38 9 50 0
71 68 68 44 80 25 10 37 99 38 21 62 99 74 71 55 69 2 92 51 50 7 86 37 36 1 57 37 6 41 90 9 70 46 91 39 62 18 25 5 35 7 70 28 95 70 62 19 70 40 33 8 35 96 89 57 76 54 27 29 4 90 33 82 81 77 75 66 0 12 78 2 33 18 21 23 23 76 9 69 56 49 0 23 94 21 50 64 36 51 99 4 36 34 33 46 37 73 90 46 68 92 11 80 7 87 85 60 3 41 67 73 45 78 61 4 29 65 8 6 58 61 8 6 77 0 59 46 92 82 78 30 27 41 23 27 79 94 70 89 19 32 85 23 56 53 9 96 96 88 74
75 44 42 31 48 56 38 94 30 60 61 43 34 28 24 57 58 8 75 93 36 86 6 20 94 10 11 3 26 40 75 78 50 61 12 42 25 68 93 84 70 8 28 76 59 28 80 39 27 70 74 21 20 85 90 10 59 17 76 12 78 81 26 82 80 77 58 60 62 6 56 52 82 68 60 41 12 43 22 99 52 69 63 35 26 59 45 0 50 79 36 71 4 7 36 79 25 73 47 30 57 94 75 5 77 60 65 87 73 12 17 82 26 42 78 38 72 97 67 94 11 63 3 0 97 49 42 9 5 79 13 59 4 56 88 29 48 57 36 45 78 60 94 88 16 95 7 22 89 39 39
12 77 49 90 24 52 44 3 57 16 1 50 76 38 3 24 42 51 73 95 76 20 99 97 73 80 10 67 88 10 37 77 94 61 93 3 66 57 31 84 20 73 53 60 12 36 72 97 58 65 10 7 59 77 84 17 65 36 38 56 67 56 54 2 44 91 19 11 43 13 39 36 17 53 45 6 83 80 2 87 63 48 54 0 54 88 36 78 32 77 39 19 99 28 95 34 69 55 75 39 70 23 8 36 99 96 64 48 2 84 10 25 38 78 95 39 62 50 79 81 30 79 25 80 69 65 23 88 19 69 70 69 80 67 50 11 58 10 22 17 4 68 8 84 51 28 89 10 98 93 56
54 98 93 8 80 37 96 83 8 1 88 18 23 7 53 88 14 97 86 96 43 86 46 15 84 86 30 30 15 47 4 84 36 90 5 76 37 74 40 99 99 78 25 65 59 18 54 7 56 90 17 12 37 11 92 48 84 7 91 7 68 71 79 59 40 36 53 86 64 20 49 50 93 63 52 38 47 14 5 54 30 99 31 68 19 91 81 35 52 62 13 81 7 25 35 8 5 54 86 57 70 20 7 25 69 52 77 5 49 89 2 54 84 90 4 55 57 71 74 87 65 38 90 99 58 3 83 96 47 42 67 89 85 33 10 72 96 22 40 11 47 55 53 11 49 97 24 81 99 38 81
49 38 93 15 57 63 49 87 22 16 61 10 50 3 31 15 2 49 87 48 94 51 11 35 24 5 45 66 14 13 93 24 1 36 29 91 15 56 99 3 84 73 63 25 68 30 19 13 52 29 91 14 12 27 45 7 18 53 70 11 54 71 99 55 3 59 84 12 93 11 39 32 15 81 40 57 51 60 40 65 58 67 12 98 88 94 30 14 41 37 84 87 22 53 24 88 34 66 64 56 95 31 94 89 50 90 36 2 0 3 55 34 23 72 41 95 38 39 29 58 9 56 51 50 92 67 85 57 62 22 54 92 66 63 78 70 15 56 71 83 66 33 3 4 52 31 14 67 66 68 79
21 33 34 50 95 46 17 18 41 85 74 22 36 0 61 30 84 87 0 80 70 96 96 88 3 81 37 38 48 28 40 63 30 85 41 67 88 51 35 1 53 25 18 80 52 51 52 63 78 34 97 17 29 20 38 3 79 73 70 23 15 64 74 5 86 3 38 97 43 15 33 68 39 6 84 16 19 14 24 92 48 67 8 12 37 18 46 19 57 61 61 31 48 63 32 22 44 77 12 35 28 78 51 3 29 45 49 10 62 57 57 29 70 43 89 11 18 40 43 77 12 5 10 3 46 80 49 41 40 23 16 94 97 69 14 93 6 6 0 78 53 9 78 7 73 9 51 8 91 15 71
72 21 92 42 55 95 3 9 66 38 7 49 35 0 2 24 62 23 77 90 67 96 16 61 73 48 2 86 12 49 88 57 57 26 7 41 32 81 56 80 66 7 79 92 44 43 95 78 47 55 69 78 7 70 8 37 56 67 90 47 0 96 10 73 99 93 50 6 99 49 11 70 65 69 23 84 66 52 55 65 63 66 23 30 56 48 48 14 3 22 73 58 66 60 61 30 22 97 56 69 95 38 84 55 1 47 28 15 73 47 66 31 26 92 43 74 36 90 80 16 99 66 78 50 59 21 17 30 79 47 86 76 43 26 84 27 37 10 94 37 57 74 80 33 41 30 44 67 37 0 8
55 90 34 1 8 42 58 2 24 53 2 3 48 3 55 5 10 38 20 85 59 6 35 97 60 59 27 23 48 60 6 88 83 7 27 56 19 17 69 41 88 92 42 69 99 34 46 77 60 2 4 60 8 91 39 22 78 49 51 39 78 45 23 36 96 31 59 61 44 63 99 32 78 17 39 86 25 66 27 35 5 17 98 48 69 42 38 54 77 38 94 22 37 24 17 45 90 17 68 97 46 31 59 37 22 51 6 62 58 57 21 71 93 49 63 53 46 45 96 32 51 23 57 37 88 9 97 94 82 42 50 75 22 15 88 31 8 3 18 6 36 69 50 46 36 29 1 54 38 14 36
90 50 31 35 83 75 68 2 94 86 40 95 4 11 69 1 26 0 48 11 6 6 96 20 26 26 58 31 80 10 87 75 11 28 22 9 90 4 28 59 63 95 38 17 20 42 58 99 94 6 19 93 82 22 31 60 57 40 18 98 86 69 13 29 84 27 89 49 11 92 55 7 41 29 85 7 22 26 7 50 23 74 47 33 29 16 54 21 18 84 45 12 10 67 41 14 51 97 27 93 93 69 75 83 22 32 44 45 23 16 66 42 86 97 8 26 88 5 65 69 0 91 58 12 5 38 1 66 38 24 33 52 18 75 30 59 99 29 52 0 35 72 92 42 45 17 79 16 34 40 16
22 14 18 9 14 86 35 58 92 4 59 98 7 7 25 50 11 65 42 64 55 53 41 97 99 74 23 79 8 80 38 91 97 89 67 79 35 31 77 43 25 56 90 90 44 87 24 24 26 11 24 16 46 6 7 53 85 44 91 45 89 54 71 29 54 38 87 3 37 45 33 58 73 80 32 42 21 96 83 48 57 57 28 9 29 82 35 63 84 63 85 32 31 75 90 36 37 98 31 73 18 43 6 50 84 56 11 1 58 31 95 98 96 63 56 58 81 20 37 97 72 0 50 88 10 48 43 42 69 27 93 2 10 86 22 75 17 26 86 60 29 35 59 98 7 29 58 88 13 49 96
41 44 97 32 18 95 89 80 69 47 7 67 41 71 42 57 36 69 76 1 86 36 33 80 56 74 24 28 22 49 73 1 53 89 36 48 73 65 90 6 67 83 65 19 7 43 83 76 26 52 68 64 83 50 65 82 0 60 50 36 20 18 3 51 95 91 68 39 58 52 46 35 21 1 21 87 75 58 28 58 30 90 64 91 64 60 90 76 74 82 45 36 15 67 0 55 72 2 68 11 84 85 89 11 31 80 12 93 30 90 18 84 26 7 19 41 88 88 21 42 89 88 8 50 46 84 95 52 29 81 94 26 99 87 85 97 57 50 24 91 78 77 28 54 27 82 57 24 12 8 66
93 39 74 71 64 94 45 46 95 64 49 66 62 28 62 4 98 83 89 63 11 70 78 67 67 37 8 71 83 19 72 80 77 58 67 46 12 10 15 43 43 22 22 10 45 22 38 50 65 9 57 76 3 79 45 59 51 52 53 51 46 1 2 64 41 51 24 10 93 38 77 10 9 19 0 64 73 58 96 89 15 51 60 63 74 92 47 23 35 60 37 95 22 71 36 46 49 27 49 73 74 51 19 84 28 62 35 58 88 35 51 79 16 73 24 48 59 70 87 80 15 45 3 41 9 24 41 61 15 36 10 77 69 16 90 93 81 9 18 46 24 50 39 72 87 78 63 79 24 55 45
46 38 46 56 75 84 89 30 26 8 7 75 33 5 66 65 37 75 63 74 15 99 33 81 50 76 76 3 88 8 46 46 20 5 5 52 28 75 21 29 1 10 15 67 37 78 24 96 19 55 51 95 93 16 47 16 91 40 65 96 92 19 28 56 3 7 28 91 37 98 33 80 53 37 38 23 25 76 66 99 24 45 7 17 1 3 77 60 11 62 42 52 90 77 24 9 11 25 93 77 88 29 19 26 51 36 15 63 13 50 37 83 51 28 21 44 33 59 77 89 96 12 71 49 2 41 91 65 7 62 54 21 43 53 82 24 71 84 78 39 10 10 64 23 41 24 98 63 35 82 83
84 0 91 84 16 20 1 96 34 96 43 56 16 88 80 35 53 20 41 38 70 22 7 68 31 2 34 42 3 66 71 10 56 95 45 37 45 84 40 75 50 82 39 87 50 9 63 97 97 87 1 21 70 99 97 68 44 34 38 81 48 66 46 70 49 34 86 98 68 22 66 37 48 80 71 51 39 97 3 45 24 96 15 57 9 48 36 45 29 12 59 35 61 91 79 40 95 97 29 55 76 75 23 93 41 59 75 68 67 24 18 93 35 90 41 47 11 37 64 33 18 12 50 64 12 53 85 27 67 76 59 76 51 21 7 76 8 15 6 94 17 15 21 64 65 82 39 19 54 46 17
39 27 84 10 20 27 0 90 39 80 30 7 20 19 2 22 97 25 91 0 88 34 76 77 15 46 19 70 37 72 24 23 28 77 74 48 62 99 29 97 81 31 36 46 29 48 89 80 28 64 80 78 68 66 61 76 33 82 18 54 45 99 5 74 79 7 51 87 92 84 91 30 9 2 49 47 81 0 46 10 38 77 9 4 33 37 65 68 51 82 11 38 31 41 3 7 73 9 86 28 96 93 93 29 45 91 15 15 22 13 90 86 42 53 80 81 30 2 88 27 76 1 34 46 31 86 73 24 96 31 68 90 56 87 30 82 96 61 43 33 6 76 47 33 1 55 14 57 24 86 94
79 28 88 42 19 17 72 79 42 23 94 29 94 18 91 11 81 63 13 32 26 22 53 63 7 54 36 66 81 60 53 27 91 64 5 92 29 8 1 81 93 11 77 16 71 75 38 33 47 28 22 8 45 66 92 37 20 33 38 6 45 88 47 11 34 43 42 95 15 26 42 19 21 31 16 14 26 75 19 77 14 23 16 44 63 10 24 84 73 63 11 51 80 85 35 43 82 93 54 28 62 21 23 62 11 60 60 15 55 22 13 65 19 62 59 79 92 70 67 19 24 55 59 9 15 75 15 30 37 91 90 87 5 91 52 53 41 9 72 90 97 12 75 87 30 83 59 46 71 6 11
95 10 70 80 47 5 2 53 96 21 81 4 16 61 70 92 91 88 54 52 56 16 61 6 90 55 82 53 89 56 29 33 85 56 79 64 65 39 53 70 77 49 78 6 10 85 63 4 90 49 16 65 97 73 69 25 82 11 62 12 64 4 49 84 22 36 59 86 73 24 86 89 25 93 66 40 26 26 54 44 74 90 82 13 84 32 76 34 47 40 27 17 66 99 64 6 16 20 68 15 93 33 4 32 12 45 49 0 71 39 47 36 1 57 93 82 38 56 97 71 90 19 38 7 88 4 52 9 85 86 17 9 10 85 78 29 87 84 72 76 58 93 94 96 80 88 92 52 55 34 66
62 25 21 66 98 13 88 43 42 68 3 51 34 3 45 34 81 88 56 55 3 71 52 46 71 16 25 71 13 14 97 37 16 98 20 8 34 30 10 58 28 45 28 53 17 21 1 22 32 5 76 45 62 53 35 1 98 84 2 19 27 4 26 7 20 60 49 99 91 43 26 17 29 53 40 0 19 28 56 51 93 45 72 94 51 69 62 18 21 8 81 47 61 73 28 56 13 19 41 24 74 91 62 64 87 82 70 78 47 4 54 21 78 44 92 35 8 27 26 24 64 36 92 44 76 64 72 80 62 43 50 5 18 75 51 75 75 98 80 62 29 72 76 4 37 51 96 95 53 26 91
48 26 44 41 49 66 14 41 63 0 37 78 17 24 39 48 62 5 76 40 5 33 20 62 20 15 80 20 54 20 59 28 43 84 80 67 98 53 18 88 93 63 35 71 73 59 50 43 69 25 56 32 34 8 2 39 29 84 61 72 97 83 54 73 31 18 33 57 92 65 5 52 6 78 51 35 59 35 49 68 27 18 94 79 6 1 76 8 15 27 97 96 95 97 62 79 37 80 93 41 38 20 39 98 82 39 52 97 75 4 92 92 34 13 86 45 40 52 38 16 13 77 52 20 49 39 80 70 61 90 42 50 73 80 32 49 64 76 42 96 24 30 58 62 40 74 68 93 80 25 34
31 61 62 34 85 54 83 84 5 63 47 31 32 88 16 63 2 26 26 57 2 14 26 56 87 83 69 37 33 51 13 10 27 21 66 35 85 70 3 25 61 99 92 80 38 99 45 29 81 30 88 93 2 6 19 38 55 1 6 44 20 92 11 6 85 27 73 59 97 78 6 60 33 84 85 90 94 31 77 13 17 66 28 19 55 27 90 19 9 63 92 53 38 87 83 24 96 77 2 23 41 74 21 85 34 84 58 91 3 63 34 92 86 72 28 38 27 17 25 60 49 69 92 28 3 13 58 50 98 12 14 94 98 16 47 91 15 38 62 33 81 24 75 94 57 29 73 29 1 9 54
92 40 71 74 37 71 98 83 92 75 20 53 31 78 98 48 43 17 73 47 3 84 81 1 59 50 89 87 94 49 82 40 57 50 65 66 28 38 85 26 32 4 21 19 48 42 32 92 16 92 86 75 24 56 75 63 42 56 92 22 32 23 45 12 45 86 39 55 30 96 58 56 80 80 67 20 49 75 5 48 20 75 78 83 51 17 8 93 76 16 42 13 48 3 5 65 56 33 21 46 61 21 85 31 52 32 74 11 36 11 41 47 65 22 95 30 29 31 23 91 32 21 82 13 72 61 3 15 87 58 10 19 91 9 59 41 57 84 82 65 74 8 45 5 63 26 78 22 7 62 45
54 63 60 50 42 54 0 94 98 10 42 16 70 27 68 12 66 35 19 42 14 84 24 44 2 3 70 27 85 22 6 45 77 73 80 93 48 0 94 38 83 21 68 65 79 17 94 31 4 74 85 68 25 65 4 70 67 73 11 46 20 69 11 28 68 61 78 38 51 96 91 92 1 23 37 51 53 38 91 36 93 21 63 82 84 5 1 84 27 69 81 90 6 59 30 56 44 32 69 31 94 89 93 63 56 97 92 72 93 36 59 19 8 77 69 66 57 96 18 34 19 14 35 69 73 14 1 68 51 2 46 50 70 75 89 43 52 38 62 9 87 61 91 49 30 82 14 58 41 50 90
15 5 97 70 2 79 78 65 49 15 46 85 4 11 19 63 85 42 91 87 22 23 48 45 74 41 71 7 63 8 80 71 67 99 25 65 0 13 29 26 54 92 1 16 81 56 71 3 93 1 96 22 3 88 88 2 97 63 49 59 93 41 4 19 70 52 7 77 69 99 24 69 68 84 27 10 29 27 69 33 46 21 37 71 72 31 12 22 98 7 59 90 28 10 0 92 61 57 39 37 15 21 20 92 74 37 47 13 20 82 28 57 64 31 1 67 61 12 97 26 94 66 42 26 16 65 55 37 72 40 21 94 67 46 80 40 12 82 54 1 62 82 24 24 27 82 29 81 49 11 92
64 68 19 22 0 33 19 17 86 25 92 32 35 85 40 20 6 91 64 12 3 47 35 77 36 52 6 44 3 50 32 30 38 44 34 31 51 86 67 18 94 15 74 80 37 53 57 32 24 46 18 52 19 26 40 95 50 23 51 71 22 18 10 29 42 7 31 88 25 21 23 66 51 27 27 67 83 3 77 92 92 94 72 75 60 49 27 51 22 23 46 58 52 35 70 55 41 80 31 33 62 76 53 82 64 47 96 23 38 23 26 57 80 82 66 97 95 10 94 99 77 72 54 16 41 7 80 63 8 24 41 36 51 53 22 41 21 35 88 61 29 37 38 89 66 94 85 1 67 7 74
89 81 22 99 58 80 35 8 57 73 90 97 51 63 10 46 11 38 45 40 88 13 88 2 70 64 99 95 84 1 26 10 56 40 50 66 88 6 55 81 22 66 75 56 47 3 40 0 64 11 40 91 5 74 30 46 43 72 96 27 98 52 72 24 64 64 56 54 61 38 95 41 72 6 54 12 47 91 19 34 56 28 97 8 60 11 69 10 40 20 10 34 2 29 81 66 37 79 75 91 82 13 11 6 77 32 59 24 72 10 31 34 95 73 62 42 16 84 27 57 49 34 32 50 57 67 29 21 72 19 27 21 23 62 27 17 8 86 83 93 6 84 20 65 37 38 23 58 2 62 90
77 7 45 62 50 70 31 68 57 99 30 85 9 83 34 7 57 5 31 69 61 16 75 62 42 95 79 99 70 70 33 99 8 28 68 49 22 43 48 10 6 28 78 84 78 23 92 98 8 4 26 37 30 35 56 81 23 40 88 70 41 27 8 98 74 70 93 68 62 5 39 50 59 46 37 4 60 79 41 82 52 61 37 8 19 23 61 17 10 80 49 69 32 30 48 47 45 36 59 16 35 19 23 70 89 33 78 34 28 66 49 53 30 72 3 89 93 99 46 81 96 7 14 59 69 3 16 38 27 42 70 84 92 15 73 32 72 41 76 57 77 1 47 25 14 30 32 13 34 40 38
99 77 73 8 16 22 65 25 11 5 52 89 92 22 90 37 26 0 46 85 26 63 60 63 84 43 86 19 59 13 94 10 53 69 58 65 21 86 45 94 90 71 54 70 65 96 95 74 26 0 1 76 60 38 70 90 35 7 12 30 4 18 84 1 28 79 43 86 37 18 91 52 74 77 65 56 10 41 24 92 17 78 24 32 75 59 80 48 58 32 48 96 63 50 59 0 12 84 27 23 93 53 6 66 73 95 79 35 80 88 6 5 36 20 25 23 44 25 58 0 33 10 98 9 16 88 71 74 33 12 66 49 72 99 19 93 65 92 82 63 62 62 4 98 13 34 23 24 79 48 23
94 80 95 90 49 16 52 87 36 27 91 40 38 43 88 41 24 56 17 25 72 77 57 36 53 1 86 14 19 46 64 8 68 39 70 97 64 90 74 56 18 14 44 45 35 89 69 22 40 92 62 96 62 12 24 31 38 91 78 58 0 68 50 53 63 90 98 41 98 11 11 90 47 74 41 25 57 50 89 7 77 38 6 23 33 71 64 56 52 65 72 28 99 38 89 77 25 68 96 68 59 26 30 96 11 23 12 5 50 3 60 63 78 2 7 59 85 55 3 60 40 86 6 30 12 86 74 77 62 91 32 33 83 95 75 95 79 88 14 31 96 35 46 28 23 84 31 98 14 3 19
55 9 89 8 30 11 47 67 72 53 41 93 76 50 43 11 15 19 43 6 73 29 98 16 27 49 56 63 34 40 11 43 8 68 36 48 11 56 82 2 11 11 91 45 42 41 69 45 87 58 78 30 2 91 73 33 56 76 78 59 38 8 88 24 76 8 37 92 69 19 14 38 22 24 38 90 5 30 14 69 76 60 95 92 2 60 60 34 26 99 2 78 42 80 5 1 35 22 93 85 0 84 52 96 37 46 44 77 83 94 45 3 81 22 16 61 61 42 13 45 50 63 87 77 30 17 51 62 72 58 29 51 45 3 35 15 47 32 34 73 42 5 46 92 91 0 42 69 36 20 22
68 59 23 79 53 86 23 77 43 64 3 63 66 82 16 11 87 93 4 12 64 16 12 18 91 82 57 69 59 33 93 91 70 82 75 36 63 11 47 52 65 67 65 36 81 17 87 49 48 86 26 46 68 52 77 40 32 18 38 29 61 46 75 35 92 99 77 71 54 80 95 99 70 40 33 40 97 52 8 68 58 51 7 87 98 19 13 97 16 34 58 22 45 38 45 42 52 93 38 97 96 76 92 94 37 36 70 23 78 1 64 1 94 60 7 33 82 43 97 4 78 23 78 4 64 29 90 69 81 13 1 28 91 29 71 58 99 79 54 56 52 4 5 51 67 88 73 35 11 18 55
