151
74 31 37 92 23 73 58 9 82 25 64 6 24 97 66 81 37 8 2 7 58 1 21 77 94 56 77 48 9 49 15 3 67 10 30 7 52 54 6 83 84 41 2 74 71 83 11 70 70 97 61 58 72 50 8 87 73 3 29 61 32 23 13 42 18 54 51 13 55 9 2 10 69 14 73 77 91 13 10 64 35 28 6 61 65 60 66 1 56 30 45 47 52 6 38 66 86 66 21 26 47 43 23 46 63 20 45 87 51 87 7 97 23 30 93 89 17 43 3 89 23 49 71 31 96 71 96 9 74 95 51 46 17 8 21 60 92 64 43 58 28 5 49 8 33 38 19 17 38 43 75
37 2 59 41 93 9 27 13 64 8 23 45 4 72 87 3 91 95 41 6 64 33 7 54 97 15 53 35 62 17 52 38 16 65 72 50 52 82 88 85 96 91 77 48 29 33 90 7 50 27 43 38 29 28 60 84 96 84 50 85 48 28 5 3 10 84 49 55 89 27 43 46 20 99 14 19 44 7 12 15 15 14 79 60 39 33 78 16 62 0 45 81 74 7 96 7 39 32 13 14 64 10 88 78 24 3 76 14 31 39 96 0 14 18 24 55 27 81 99 10 33 86 51 44 97 61 63 34 43 91 0 17 68 36 6 11 68 25 75 49 19 69 36 9 33 29 59 71 56 52 8
81 27 44 91 85 81 55 80 87 54 58 79 39 38 0 11 11 28 80 30 5 63 56 6 24 45 10 27 0 52 69 85 27 39 9 29 57 45 48 25 32 97 13 69 85 30 71 50 54 5 44 13 69 73 96 35 31 43 5 32 83 56 72 78 90 17 13 22 86 94 37 75 27 59 9 47 22 87 60 62 42 38 69 85 89 82 35 75 91 2 33 3 79 24 82 35 39 17 76 98 42 92 97 90 85 91 12 56 82 38 61 33 45 34 67 17 78 45 46 46 28 90 64 92 60 71 27 24 77 72 62 88 12 50 13 94 18 43 91 33 73 6 74 33 96 51 30 33 54 87 19
80 34 55 81 5 38 6 34 1 30 32 15 80 85 97 65 67 97 67 11 56 96 93 72 75 63 40 38 42 92 8 62 1 12 73 52 64 94 69 84 10 60 27 43 14 79 28 16 81 71 97 66 12 74 16 62 75 13 98 51 47 21 84 10 33 67 65 13 37 43 39 96 58 88 48 10 63 92 97 90 92 0 22 89 19 99 94 25 21 16 71 21 93 71 62 0 15 19 73 16 7 69 77 19 95 70 63 60 95 24 42 8 75 64 67 89 21 11 65 41 41 26 89 4 19 4 15 51 41 48 3 45 14 89 94 44 71 65 80 37 69 29 7 62 72 71 15 48 62 27 46
25 55 60 22 96 98 91 38 64 42 42 90 92 83 6 11 32 72 63 3 57 29 69 33 47 25 84 50 80 3 94 53 13 87 22 40 97 85 13 96 22 57 20 10 45 73 96 80 18 52 10 4 29 71 3 60 39 31 77 72 76 24 73 93 79 93 35 94 76 52 88 25 10 39 91 39 4 13 40 13 59 12 71 56 55 92 44 92 67 71 44 13 11 31 66 15 56 80 1 72 43 40 43 76 44 60 91 33 41 62 8 61 90 32 17 98 40 92 66 8 87 71 1 50 43 42 31 42 18 62 62 67 31 76 18 6 55 40 35 21 36 96 38 9 96 80 90 18 0 94 67
21 62 88 18 17 86 29 11 11 25 81 75 93 36 80 86 91 47 79 57 69 86 84 58 4 5 28 84 60 48 6 31 6 25 6 29 84 46 27 23 38 96 27 55 72 71 77 70 98 5 57 75 95 1 77 14 23 44 56 8 96 94 21 36 32 3 89 75 22 58 68 17 38 24 82 80 19 58 47 58 52 64 2 94 70 98 48 88 14 17 19 78 78 23 98 92 7 85 32 40 31 70 25 23 45 60 95 48 38 54 36 95 13 50 18 98 58 81 88 67 60 53 71 22 51 0 29 50 91 42 1 88 15 85 21 29 0 37 2 64 89 20 95 83 80 12 69 26 60 3 45
96 51 8 82 71 90 71 95 30 67 87 47 22 71 57 61 45 10 54 7 72 44 94 45 56 30 48 94 32 10 82 48 62 96 49 54 26 23 58 99 9 28 48 41 40 57 21 76 21 33 20 66 67 16 42 60 50 11 2 67 30 70 39 80 25 54 49 17 35 50 67 2 98 61 72 49 40 91 53 34 56 14 99 30 58 39 86 19 71 82 9 78 37 3 43 26 49 75 51 92 18 7 68 15 25 15 95 61 54 80 49 16 35 56 6 9 42 19 76 47 5 8 66 32 73 32 80 57 34 23 92 31 94 34 31 11 39 18 98 66 68 12 93 69 76 4 17 14 0 23 90
7 95 96 4 13 77 72 72 21 29 88 11 10 9 68 14 40 87 5 68 96 96 55 37 10 77 34 73 88 3 47 10 32 46 40 80 37 2 88 73 47 21 20 9 57 5 75 87 61 73 9 58 43 39 41 21 6 26 85 50 64 74 83 43 25 88 5 13 8 24 73 25 94 35 96 29 48 2 73 96 20 97 74 84 51 61 22 61 18 21 34 75 15 68 43 64 75 99 74 12 6 11 96 74 55 13 23 60 11 78 97 52 61 72 64 93 92 6 71 65 16 4 61 52 23 22 4 7 0 63 25 72 99 27 87 10 69 73 66 53 14 84 31 15 28 69 42 58 14 45 31
81 55 94 17 87 85 48 41 15 31 18 75 30 75 91 28 11 92 15 9 53 68 83 67 32 38 28 16 34 56 56 22 65 64 44 59 81 61 57 85 52 77 42 72 38 25 72 74 55 53 81 39 12 95 16 66 73 6 77 36 6 8 25 44 29 69 40 27 56 39 95 98 73 8 94 23 27 47 26 57 5 87 17 29 88 69 42 62 89 89 49 64 93 28 49 1 73 62 32 0 64 43 20 72 44 28 22 81 13 67 85 2 36 3 54 30 8 27 55 73 0 82 43 40 44 50 47 98 26 42 47 7 72 16 77 77 84 96 87 37 89 15 32 59 54 76 80 16 46 57 17
46 98 86 55 86 34 48 17 69 26 89 90 83 25 92 49 90 45 44 56 96 35 61 73 90 6 71 64 77 19 87 33 57 18 20 50 36 60 7 77 88 82 28 76 58 51 94 54 52 75 93 53 22 50 38 58 42 72 35 17 85 50 13 83 50 90 12 51 70 85 39 20 94 3 82 53 46 68 21 22 62 18 70 91 54 74 50 35 51 4 96 15 57 3 35 91 30 45 31 6 69 34 92 21 59 43 27 5 79 19 10 18 4 82 67 49 62 48 5 62 13 1 3 99 65 35 69 16 43 55 48 91 61 78 34 62 71 15 80 37 74 74 86 98 14 11 61 83 7 4 71
46 8 73 79 96 17 46 75 76 15 40 44 39 18 34 53 97 2 72 25 0 59 77 87 2 16 25 55 41 44 93 75 90 92 39 32 58 80 83 8 69 21 92 78 37 11 98 45 39 5 64 88 98 26 17 34 85 63 44 54 4 83 64 91 79 18 27 51 41 23 79 34 63 69 24 82 73 37 25 21 84 78 53 59 79 86 70 15 40 85 56 53 79 85 0 14 60 49 5 40 74 98 73 71 72 11 34 45 36 52 35 95 20 67 45 90 12 68 39 26 55 56 53 49 78 29 66 15 67 60 97 61 32 44 98 45 30 19 47 22 13 7 25 89 62 91 70 48 48 59 4
62 54 51 63 81 85 60 81 16 86 34 51 32 7 86 33 18 30 85 27 42 60 71 71 25 67 94 18 97 64 37 78 25 36 78 6 89 73 46 30 99 14 40 31 29 19 43 19 87 92 98 94 92 89 35 44 85 87 32 23 42 98 35 57 34 91 17 91 54 1 22 57 61 27 7 61 35 93 40 60 8 56 85 88 88 9 61 53 54 2 18 99 86 56 88 84 88 9 12 32 35 58 61 5 70 65 44 6 6 96 85 59 65 53 18 30 91 63 50 17 76 72 79 80 6 17 10 68 49 27 72 18 72 46 7 22 22 35 81 76 83 68 25 60 98 41 13 62 40 75 21
97 55 40 46 57 57 18 34 60 67 64 31 50 18 11 87 89 33 95 72 4 57 10 50 24 11 26 74 13 84 2 16 16 63 59 65 74 15 65 83 69 79 38 79 58 73 0 58 30 31 87 24 22 89 89 57 47 87 9 33 32 50 71 28 43 88 41 7 22 17 92 30 54 93 79 79 23 27 66 16 24 60 59 21 10 90 89 61 68 88 1 39 81 87 6 48 57 53 98 12 79 98 99 23 4 1 24 15 58 83 28 28 35 63 41 87 61 96 62 76 87 96 64 87 70 50 63 13 83 8 13 17 64 55 68 22 86 43 53 80 29 98 90 55 44 10 51 39 53 60 53
31 97 25 88 5 33 27 63 19 92 47 39 8 81 67 29 6 81 63 5 96 70 50 36 73 3 95 62 31 43 77 57 65 34 85 26 21 16 35 33 6 93 16 84 47 74 94 89 7 1 49 54 9 19 23 42 49 87 8 90 33 24 88 50 59 53 85 69 91 89 69 49 85 34 73 72 25 75 33 25 3 73 5 78 81 86 27 85 64 25 99 51 16 82 64 17 37 7 49 39 19 10 69 84 45 33 43 91 54 16 99 23 72 25 94 26 14 69 17 48 81 72 33 40 0 51 25 89 58 55 41 10 66 49 92 4 17 77 98 68 74 20 9 89 91 34 98 69 39 78 70
60 26 9 26 79 17 85 68 74 31 34 81 99 14 40 49 23 42 56 90 24 37 33 2 27 67 4 95 73 21 24 96 76 89 39 78 74 56 42 0 20 20 47 5 38 29 34 93 61 60 3 47 71 40 7 6 95 73 38 2 84 10 54 3 4 66 63 37 53 87 96 34 0 20 19 73 23 98 46 31 48 10 29 13 29 93 32 86 7 69 20 71 83 71 58 69 72 18 96 55 26 44 37 69 73 20 17 24 77 53 10 36 94 37 10 32 29 18 81 49 22 14 7 30 86 49 27 41 24 89 11 39 39 38 12 42 51 92 2 60 5 94 5 23 3 65 19 0 45 82 50
28 57 85 7 3 80 7 60 0 77 27 84 79 78 49 12 23 15 15 74 51 7 50 2 32 81 77 12 48 59 77 95 62 34 21 35 62 51 25 51 68 98 99 10 65 72 89 43 79 28 78 56 7 23 3 43 32 30 22 48 42 15 23 76 68 27 84 56 75 89 39 7 17 40 14 57 59 80 14 72 67 78 9 32 14 65 87 11 66 9 52 84 24 39 57 5 53 83 76 93 2 91 25 56 58 1 35 26 79 73 69 50 66 5 99 15 9 48 5 10 30 70 66 87 15 5 33 43 73 63 37 87 63 48 96 26 51 43 43 65 98 66 33 75 13 82 85 21 48 81 17
80 93 30 73 82 99 23 65 44 21 58 25 61 9 26 43 13 57 86 10 41 65 40 37 94 62 72 87 57 67 92 63 61 39 28 93 97 36 55 40 61 76 84 66 92 49 11 69 45 71 0 4 50 14 55 99 43 20 27 48 96 46 69 80 49 55 88 57 22 46 33 10 95 70 73 84 80 84 32 96 98 81 91 12 49 26 70 66 34 56 23 93 97 57 91 18 4 57 38 34 0 73 39 7 52 24 42 48 31 36 29 47 32 44 14 46 78 8 87 75 70 65 9 73 64 68 67 55 50 89 35 48 25 21 15 99 41 93 86 74 44 22 42 39 75 91 45 68 80 38 48
32 57 12 84 34 95 82 17 58 15 72 78 78 85 70 18 59 95 86 37 14 93 34 66 30 71 3 33 36 44 15 42 55 54 68 36 77 31 73 61 87 27 22 51 57 61 15 4 18 16 6 11 35 26 72 62 70 36 99 45 27 33 30 77 74 57 13 74 37 39 19 99 90 46 22 91 32 17 34 77 91 42 82 45 10 68 48 82 29 18 72 45 0 68 49 12 63 82 76 5 0 96 90 54 11 56 60 81 53 80 77 92 44 67 5 10 30 11 78 54 1 65 69 86 96 68 10 41 65 29 96 5 47 57 96 55 34 77 20 77 1 2 38 78 16 89 51 15 20 42 2
50 17 9 18 10 7 54 79 94 52 86 69 99 37 20 78 14 12 50 47 19 91 77 43 91 48 43 85 38 96 34 91 77 1 51 52 20 88 18 18 72 37 30 72 73 56 37 4 31 68 97 1 48 37 86 25 47 50 8 22 9 70 38 35 72 54 45 46 17 4 39 88 78 10 3 69 45 57 5 82 13 18 95 93 31 20 87 72 54 92 34 67 3 81 35 4 35 34 16 68 6 99 45 81 86 29 94 30 79 79 63 8 21 54 25 63 88 88 92 92 95 32 4 55 85 50 32 59 29 7 61 23 8 0 81 89 74 41 51 66 85 52 76 9 51 76 81 92 16 32 0
69 75 48 69 82 37 44 30 81 0 36 70 55 47 76 95 84 67 46 74 38 97 13 60 91 75 48 72 91 30 68 84 27 18 35 15 21 13 12 76 84 6 53 48 14 49 39 90 53 69 52 72 8 2 81 46 13 25 39 19 36 42 98 12 89 80 78 45 39 85 90 91 17 48 22 8 79 12 8 70 58 83 23 27 64 17 85 51 74 36 64 88 84 52 44 34 49 8 15 51 41 19 69 34 92 82 71 0 59 31 8 28 93 87 4 80 4 17 5 70 88 25 10 89 66 93 47 9 74 7 16 48 30 45 39 38 45 31 32 78 60 46 83 52 28 95 57 80 3 94 92
31 93 36 40 96 87 24 22 23 31 25 39 62 26 94 97 34 87 21 26 44 90 66 84 81 85 12 20 33 82 44 39 76 82 77 95 39 86 77 78 68 93 22 30 0 10 87 78 95 20 6 80 72 11 78 48 8 13 93 60 44 83 11 66 98 95 4 92 12 52 16 3 17 68 26 72 50 37 50 32 25 54 39 82 28 50 62 23 28 53 28 17 94 14 68 81 56 80 64 27 5 8 90 53 94 57 60 89 8 48 17 11 59 47 27 60 10 36 90 92 34 11 91 99 53 61 54 39 99 89 82 57 8 46 90 7 46 26 65 61 74 18 60 85 57 77 72 54 25 15 55
64 29 80 15 39 39 59 62 20 18 74 98 53 31 87 65 37 53 24 37 81 88 15 17 44 28 46 48 72 48 83 64 30 94 72 28 79 55 49 2 42 46 67 11 63 1 82 29 45 12 18 8 16 74 68 90 64 16 72 16 15 81 42 93 63 28 70 13 9 88 61 92 47 2 71 11 19 69 91 96 29 39 94 57 17 40 12 90 47 96 4 44 10 7 31 67 15 76 0 40 20 20 87 72 83 24 28 24 97 1 59 89 69 41 95 94 6 11 96 6 23 17 30 23 4 61 27 96 18 14 33 3 88 93 14 72 48 0 48 51 94 76 14 21 15 23 40 89 74 93 99
20 16 58 58 79 7 81 20 27 39 21 8 91 49 13 2 38 84 35 25 8 52 18 62 71 29 60 51 70 22 7 29 42 44 76 32 62 15 22 66 73 67 1 11 76 59 43 32 33 79 61 37 6 73 35 61 19 15 49 74 63 68 57 75 95 69 78 31 21 54 64 0 44 21 35 52 61 59 26 99 6 74 93 65 63 80 86 79 33 83 73 66 98 98 15 33 24 75 77 9 88 85 63 90 55 94 63 92 7 7 64 47 95 85 75 41 21 25 73 43 57 91 9 64 21 74 94 45 44 19 20 88 66 61 23 45 86 98 8 95 14 77 72 41 42 8 24 85 1 96 95
73 52 35 32 62 53 86 88 53 19 33 12 82 36 49 48 56 81 61 86 73 98 72 22 53 30 54 52 53 86 73 68 90 90 37 19 5 77 25 94 29 29 13 92 93 82 5 38 19 33 22 55 22 51 48 42 29 92 24 50 69 22 17 88 77 57 31 61 53 52 79 65 56 27 14 77 54 64 9 17 55 61 78 32 90 60 9 80 11 3 6 95 5 47 71 35 15 3 77 7 77 57 17 71 42 60 17 47 42 18 17 29 79 90 24 35 41 2 20 28 95 75 47 66 0 42 47 25 99 99 48 21 31 81 37 70 40 4 18 93 71 11 61 38 24 90 5 12 2 1 19
26 0 96 24 88 88 63 60 54 5 93 88 74 94 72 61 64 37 11 76 7 94 12 62 44 57 55 1 98 55 17 64 6 54 71 24 32 7 41 21 47 78 30 33 2 49 46 36 23 62 46 92 62 87 77 47 95 87 72 19 78 3 78 82 24 74 95 24 47 2 26 3 42 61 4 2 98 70 86 78 53 6 64 89 90 29 82 40 71 81 70 44 12 97 67 33 80 87 0 88 40 90 68 31 20 15 94 24 62 67 81 35 16 17 66 28 74 50 51 93 60 31 76 20 18 26 45 5 94 34 22 52 44 93 68 38 93 59 65 67 81 57 75 31 98 48 46 33 51 17 55
38 7 98 2 50 79 26 68 99 90 54 82 87 30 92 65 99 21 65 71 38 48 72 72 86 41 38 62 80 96 49 15 39 10 29 28 27 33 85 0 97 48 35 7 38 71 63 89 30 89 22 55 30 26 32 55 25 68 95 49 16 93 75 79 21 34 56 19 83 4 87 64 41 28 58 45 56 27 98 90 11 59 90 53 90 56 49 90 35 2 8 72 86 84 16 3 22 20 48 90 17 89 52 1 77 50 58 93 2 93 48 41 90 52 99 65 7 41 59 19 88 57 13 45 29 34 82 42 48 18 61 53 50 80 88 59 7 35 35 98 80 29 83 78 27 37 67 60 97 34 18
31 52 12 33 58 2 6 98 21 54 9 81 76 42 32 71 82 23 69 6 76 2 88 10 92 63 92 66 97 56 18 50 49 27 47 40 23 65 82 8 44 44 62 79 44 96 21 73 90 83 77 87 19 43 30 84 29 41 95 71 89 71 2 34 83 1 73 70 50 21 34 48 87 39 59 40 60 89 20 65 54 72 63 49 0 59 26 71 71 20 24 82 90 62 97 4 23 39 32 64 33 7 31 38 45 33 78 66 36 5 33 77 75 19 68 4 18 56 25 29 47 2 44 12 58 3 0 98 46 7 67 30 91 15 92 58 32 36 33 61 73 75 47 19 85 79 18 32 57 20 82
27 13 71 40 64 97 84 71 97 44 55 74 3 9 16 70 99 66 42 66 59 38 60 27 28 64 28 31 63 78 44 58 69 56 69 95 90 25 22 21 86 17 98 41 91 9 24 65 19 44 89 63 75 71 36 8 68 35 90 45 14 12 71 36 35 81 77 68 7 88 32 78 91 32 56 92 30 69 44 0 48 54 56 6 66 96 26 51 35 15 93 38 35 51 86 57 5 13 44 61 58 65 67 79 85 78 94 31 61 49 39 19 4 15 23 57 82 14 87 99 1 56 37 44 97 83 17 20 35 33 45 44 52 96 15 28 92 79 54 42 4 23 51 59 21 20 51 22 27 88 38
81 50 70 83 53 53 33 87 50 29 88 52 7 0 6 11 80 35 67 18 81 26 1 56 52 80 5 46 56 99 14 49 64 82 9 38 95 78 84 77 86 98 68 57 69 75 14 8 67 96 9 81 36 59 6 36 21 97 70 18 91 49 57 9 89 81 48 33 84 92 68 91 81 72 71 60 34 16 84 10 59 58 90 70 75 36 19 45 31 20 59 10 6 66 36 73 4 62 80 46 71 60 82 32 30 97 27 94 89 63 41 20 89 24 58 40 98 96 86 83 97 81 67 70 27 32 91 83 4 95 97 45 63 69 65 21 50 39 16 65 48 81 11 3 76 16 17 68 94 15 25
7 4 4 51 54 57 59 62 96 53 38 23 44 66 36 17 93 89 20 48 51 86 57 60 91 25 32 23 27 1 78 51 21 59 81 95 6 84 26 82 23 92 41 29 36 71 96 18 26 50 61 69 51 31 8 92 35 71 58 59 82 16 48 49 85 31 87 15 39 48 73 82 94 25 46 9 70 85 18 37 90 34 62 4 17 87 37 29 32 11 72 42 55 51 74 30 42 63 24 90 23 49 85 18 50 59 30 77 65 90 96 97 93 36 23 1 49 66 20 25 90 48 63 48 0 99 47 58 53 68 90 34 48 31 17 23 6 6 25 86 69 49 89 82 97 36 72 84 23 60 82
59 40 76 31 37 0 54 84 41 78 1 3 25 65 66 41 39 40 52 91 59 6 54 99 96 15 35 77 96 68 49 46 96 23 55 12 45 56 13 12 20 80 63 33 31 66 94 62 69 13 22 56 54 60 53 74 56 98 9 9 46 99 73 44 38 23 18 25 71 42 17 55 14 52 94 21 74 12 23 55 86 96 78 23 21 51 74 10 49 84 41 98 14 79 84 73 47 27 76 56 28 99 40 86 7 9 73 51 32 53 41 73 64 94 12 86 57 56 41 4 80 2 24 27 36 98 2 33 47 88 74 52 48 96 48 92 47 89 24 19 75 95 84 95 78 71 95 16 14 10 70
99 3 32 57 83 12 24 15 55 52 50 0 52 42 64 83 73 43 93 32 65 93 80 52 22 52 74 16 48 75 5 9 64 32 17 85 95 1 75 15 7 36 88 29 54 68 31 75 90 50 24 5 77 6 70 57 13 2 8 95 92 61 29 66 94 58 42 43 68 20 68 2 46 6 15 86 20 52 5 38 87 77 52 46 62 28 96 43 40 65 53 30 10 44 90 85 38 46 98 76 60 93 32 9 87 31 86 90 11 79 62 74 22 90 42 79 82 85 6 7 64 68 92 12 43 28 32 46 23 14 78 8 8 96 42 82 34 25 30 57 47 69 87 86 82 43 21 86 87 14 89
87 28 35 34 67 67 21 92 17 25 8 98 54 96 60 82 14 20 34 31 41 81 73 10 17 44 51 75 24 7 11 31 88 40 3 75 51 98 94 52 30 9 88 62 26 20 71 72 57 52 22 33 39 66 29 61 85 74 83 1 96 56 0 14 50 9 99 78 29 24 33 14 78 10 84 85 25 87 15 64 56 23 3 39 30 93 11 7 17 12 57 2 67 39 48 41 86 23 39 88 17 41 0 93 51 77 86 75 87 83 80 78 89 32 11 54 75 97 96 12 36 8 59 72 84 25 76 44 54 25 40 1 2 53 67 17 18 61 93 70 55 7 8 27 94 19 73 97 1 90 83
32 52 9 5 24 16 48 40 79 76 95 96 40 52 43 8 51 51 22 94 72 61 14 41 50 65 93 74 13 2 87 18 75 4 0 17 13 34 69 64 62 74 17 25 58 53 1 85 25 15 69 12 50 34 65 21 78 51 1 8 26 14 86 75 2 96 35 65 96 8 31 8 17 94 60 79 71 98 65 15 93 40 85 79 43 14 41 46 13 57 72 41 4 74 85 47 48 52 74 16 1 82 32 63 89 18 40 64 14 93 29 50 85 31 71 23 12 48 28 12 87 73 53 12 50 37 22 90 20 56 23 35 67 5 51 6 9 60 39 90 64 66 11 86 99 21 14 92 61 41 91
73 26 73 29 66 44 76 3 75 80 96 77 12 99 4 31 61 65 74 24 72 53 4 92 67 90 52 14 35 1 28 34 31 59 40 79 98 92 55 25 96 96 28 81 21 97 72 74 36 97 30 56 3 76 72 56 44 79 14 0 11 77 66 9 3 23 89 63 0 52 21 68 83 74 60 5 30 40 57 30 58 29 94 57 1 74 77 51 70 24 9 59 73 97 42 28 1 17 98 2 16 61 78 16 21 23 68 1 17 13 2 68 28 85 4 63 0 74 72 69 33 23 7 64 15 72 97 7 57 89 22 87 83 26 75 57 90 88 48 88 52 72 56 21 46 86 23 81 36 74 69
30 96 2 46 14 7 7 18 65 2 47 0 74 4 28 80 50 77 20 20 14 98 4 62 19 32 83 83 99 19 39 26 77 77 99 16 25 37 42 50 8 85 79 30 72 91 87 4 73 87 63 36 75 32 34 80 11 22 71 55 85 47 76 46 0 10 41 80 14 27 68 69 70 18 58 7 49 48 38 84 5 76 81 52 89 36 14 92 5 71 44 9 40 15 35 19 5 72 44 45 57 31 74 30 81 29 10 79 95 60 78 3 61 16 50 20 13 44 19 27 48 28 26 44 44 8 25 89 18 82 85 69 84 48 20 29 55 13 1 49 5 46 55 66 38 87 94 25 1 27 34
32 38 57 35 12 48 36 77 85 17 66 66 87 85 47 49 31 45 88 10 7 4 2 44 20 49 64 22 73 52 78 75 96 74 42 96 29 28 73 49 7 79 46 33 11 80 94 74 64 67 96 1 68 2 1 10 74 60 20 21 41 51 64 49 94 67 26 58 55 69 10 86 14 33 31 60 44 64 11 99 87 93 6 38 60 46 2 5 23 92 23 63 69 97 21 89 16 15 3 32 18 58 28 79 51 81 57 1 92 93 49 63 25 71 65 5 43 37 53 60 56 5 57 88 94 27 37 43 62 80 75 30 66 19 38 26 97 36 64 4 62 0 89 83 5 9 59 7 41 58 63
48 37 95 17 12 18 87 13 26 97 75 67 12 51 5 84 84 68 57 19 83 2 64 58 46 35 74 6 87 50 62 2 12 53 38 17 31 43 80 4 11 96 48 14 42 5 19 14 28 50 78 83 83 80 53 36 74 37 24 71 20 66 68 32 90 40 81 79 78 75 71 14 25 52 44 6 60 40 62 5 63 44 10 20 69 56 0 99 68 32 94 10 72 29 20 21 68 95 50 8 23 27 71 99 61 45 52 41 11 24 41 88 69 97 0 10 15 78 93 32 47 31 63 82 83 91 7 67 86 78 79 99 0 84 21 32 63 6 71 44 10 69 21 35 61 18 18 84 87 90 22
62 45 3 40 45 67 9 40 84 61 80 78 22 0 84 19 76 83 36 36 10 9 59 73 66 0 18 26 84 56 60 18 13 55 43 61 73 1 41 44 75 21 29 21 39 3 13 72 64 44 42 39 85 32 58 69 82 38 55 2 80 7 60 10 41 52 25 19 47 58 96 50 24 86 94 97 51 41 26 69 2 35 56 23 35 47 59 38 46 71 97 92 73 38 22 32 75 38 53 48 23 77 10 67 76 43 99 63 42 71 90 65 52 59 43 70 61 74 40 91 91 46 45 49 98 46 2 71 50 78 64 41 72 14 88 89 86 1 59 97 19 39 27 29 65 77 71 46 39 78 6
84 39 67 2 21 61 60 65 44 90 63 49 33 3 85 72 87 6 75 7 0 32 75 44 64 90 25 19 21 1 33 41 86 44 36 33 12 36 51 17 6 84 47 41 46 4 62 27 46 41 30 26 0 71 2 88 94 57 47 80 73 66 49 22 85 37 11 6 42 36 47 31 78 71 75 28 67 11 73 98 60 98 34 9 8 49 80 25 68 16 58 61 15 39 93 39 4 51 8 12 46 1 80 3 11 3 90 21 35 96 71 83 57 33 67 3 74 17 37 50 69 43 11 55 75 68 33 18 99 49 92 91 62 2 18 50 81 24 57 49 56 90 39 91 56 22 56 61 97 61 50
23 6 92 37 46 73 65 37 17 78 35 87 69 44 21 6 58 13 27 92 23 76 86 92 99 61 10 66 30 24 15 93 72 18 73 9 32 77 94 66 9 42 57 21 3 82 92 70 96 70 83 46 55 41 36 40 93 49 36 44 55 68 84 68 96 81 65 63 68 47 62 11 99 95 47 61 47 98 68 32 49 45 88 45 63 57 20 75 35 23 92 87 68 66 28 10 21 4 81 94 20 42 90 87 10 79 66 88 17 41 48 63 7 61 87 78 64 89 45 55 79 75 3 19 24 40 74 75 90 26 79 27 20 40 74 0 29 45 73 66 76 52 94 59 80 15 11 12 76 61 53
21 39 14 39 23 55 3 84 39 35 32 61 90 53 7 26 5 10 70 93 6 73 93 24 88 66 37 48 29 99 97 86 10 42 44 62 48 94 35 64 10 24 85 3 66 51 77 21 82 23 68 73 53 3 41 35 35 39 98 78 57 37 57 29 45 27 59 36 6 73 32 11 69 81 37 7 12 45 88 12 24 90 27 37 35 19 92 31 30 1 15 38 26 68 64 85 62 12 9 27 61 7 34 76 34 34 89 71 48 16 25 47 21 38 90 17 55 9 73 72 87 46 82 91 94 59 92 20 89 20 50 81 4 29 81 17 15 43 73 2 49 11 32 6 75 46 97 37 90 23 38
57 49 40 27 45 25 68 68 76 14 26 25 30 55 66 84 92 83 49 59 97 88 62 5 57 93 84 20 90 27 48 98 99 8 17 89 65 29 31 3 26 6 96 54 60 16 86 45 10 74 58 69 34 57 91 64 3 71 11 40 87 63 34 36 54 28 36 8 30 92 21 98 42 19 17 30 37 97 19 22 95 16 91 15 23 39 51 81 77 9 75 85 21 38 45 42 74 57 44 41 0 82 6 46 39 15 65 64 44 42 34 1 91 42 20 92 63 19 49 56 59 59 48 90 50 40 70 22 78 24 35 15 7 48 85 29 50 13 44 21 33 37 78 68 1 62 33 48 63 57 30
48 89 62 22 47 44 80 77 73 52 71 28 54 20 22 46 24 24 41 82 32 93 96 41 24 50 90 59 28 62 64 21 87 71 52 13 53 99 47 61 83 94 92 43 87 30 40 38 23 82 91 23 33 51 47 91 69 34 69 36 7 32 69 19 55 56 27 40 99 9 88 67 12 60 94 31 89 57 1 1 38 43 7 51 77 43 3 41 63 45 55 1 17 57 43 47 9 17 62 25 33 68 52 6 76 96 13 18 85 37 2 74 61 70 82 30 23 29 8 74 14 38 40 63 87 10 84 7 98 18 89 43 28 75 27 54 7 16 54 3 10 67 11 22 51 78 95 72 68 66 38
19 42 67 96 80 29 46 34 31 24 10 44 91 36 62 28 93 65 34 39 46 25 26 99 68 90 60 89 57 71 77 20 64 11 62 56 98 9 1 61 12 84 67 60 7 67 34 36 72 25 20 81 39 69 39 95 61 56 28 14 57 96 86 55 76 8 84 6 31 89 11 46 58 10 19 19 0 39 30 35 82 61 66 53 22 46 20 18 84 75 37 90 32 52 46 67 19 71 8 28 45 69 17 57 20 2 55 79 34 40 38 93 80 59 94 98 83 33 35 89 14 21 40 39 58 22 20 87 26 10 96 45 6 4 10 82 74 44 39 87 33 81 51 53 45 41 2 32 50 21 55
84 22 15 50 98 7 59 28 44 5 54 42 61 56 90 11 24 1 99 34 67 17 50 96 71 71 89 7 71 23 90 37 3 1 70 48 44 63 90 70 61 51 68 3 25 65 64 26 80 81 93 93 63 30 68 81 93 82 56 33 80 94 97 35 81 54 72 5 44 3 39 47 64 69 94 11 19 15 13 41 21 25 76 12 40 53 82 66 41 23 62 44 21 8 66 35 75 74 14 80 74 41 43 30 66 18 29 73 69 5 22 63 4 86 62 35 36 28 17 24 51 29 35 59 28 3 84 97 36 97 67 36 14 66 1 83 46 38 13 82 57 38 58 77 93 59 5 98 93 92 71
93 5 41 83 87 48 68 95 75 97 74 9 6 56 63 10 55 2 47 62 91 73 76 93 41 4 33 14 56 70 86 55 40 53 3 58 76 81 43 11 75 18 61 31 6 48 46 33 45 99 94 59 33 84 34 92 33 8 59 85 43 91 32 87 26 7 38 16 78 67 12 57 12 83 71 52 35 39 76 2 53 64 74 34 7 39 88 2 61 25 66 34 81 32 64 27 49 73 31 41 93 46 92 97 55 51 8 22 3 12 78 66 7 42 73 62 68 52 25 24 11 5 89 89 10 73 80 71 8 17 77 48 68 71 29 34 27 66 87 23 84 82 2 65 72 69 27 90 59 8 99
97 57 6 85 38 40 74 29 28 15 7 72 27 40 56 44 36 56 30 73 57 35 67 30 81 19 53 21 40 81 44 89 93 2 17 82 97 85 24 32 2 91 88 49 24 53 23 46 63 18 57 73 46 48 23 80 4 60 17 26 90 86 71 7 37 15 65 99 54 42 90 36 76 67 20 32 56 3 19 41 88 61 64 4 3 26 60 6 50 63 18 75 77 49 1 53 84 98 35 48 60 75 96 4 94 99 35 92 79 97 48 3 27 74 98 89 68 42 31 39 26 89 91 28 77 84 30 43 75 33 7 34 49 36 22 30 76 15 36 38 77 73 74 42 35 84 72 45 29 0 29
78 48 81 57 40 62 25 70 5 97 80 56 49 71 40 8 92 51 56 64 29 50 49 65 4 80 16 58 19 38 0 65 25 17 88 44 43 84 1 82 55 66 69 91 80 43 77 78 40 71 45 27 46 38 89 54 75 51 1 87 8 26 6 15 14 44 68 51 47 83 39 68 65 83 46 28 31 45 81 1 21 91 30 68 21 33 91 40 57 99 22 8 79 59 49 43 91 13 31 67 21 23 49 54 79 35 22 70 23 22 84 32 62 23 16 4 85 79 25 79 96 40 66 89 33 88 10 37 27 77 76 40 95 95 33 95 81 43 30 18 32 64 24 50 29 11 42 38 22 63 20
35 94 7 54 89 97 96 13 70 98 76 56 69 89 73 92 7 27 98 4 80 53 55 95 9 29 41 60 95 85 43 48 88 10 19 8 81 80 96 10 36 36 16 22 15 54 47 90 26 62 85 54 31 39 33 99 49 10 2 26 83 21 9 33 58 48 37 15 25 2 57 81 49 88 12 82 54 3 91 27 5 52 58 11 0 81 93 69 8 8 92 21 22 59 47 31 2 95 36 76 96 26 37 53 24 28 73 68 5 59 7 22 62 2 0 68 63 8 59 44 51 99 30 20 67 15 23 25 26 33 24 81 91 76 65 23 65 51 25 89 73 19 76 92 91 4 16 4 19 23 14
27 11 10 1 87 31 44 18 48 96 57 78 0 49 62 53 15 44 61 24 7 94 50 74 93 75 51 93 83 81 11 24 13 23 95 24 94 97 19 4 8 35 11 62 0 24 17 69 97 29 26 32 13 91 65 9 77 82 25 24 57 20 40 87 43 83 5 83 82 2 7 41 96 19 39 18 70 65 23 89 48 57 46 11 80 65 0 41 31 96 91 87 79 54 25 80 1 63 84 91 18 46 73 33 22 56 44 56 97 59 24 52 77 47 97 73 62 8 42 82 5 66 26 69 20 76 90 7 42 19 4 76 39 16 72 59 32 51 80 44 77 64 27 16 88 22 55 85 14 67 59
8 65 38 52 75 64 25 96 16 20 31 78 28 27 53 24 53 91 74 26 57 38 9 73 47 41 24 64 47 80 43 68 14 23 70 43 72 87 7 59 23 29 44 4 89 8 77 43 58 99 3 58 75 1 6 57 7 76 57 8 20 77 19 69 30 21 52 53 97 66 43 26 72 66 97 55 47 46 88 63 33 3 17 16 43 77 38 36 34 76 7 20 16 83 89 5 22 6 38 20 81 84 93 73 43 51 50 39 17 11 5 52 92 1 84 36 28 42 2 33 81 86 87 42 97 45 2 40 64 81 28 46 76 62 72 37 68 7 31 92 31 33 60 67 77 39 12 50 79 76 1
33 76 78 34 83 49 56 73 75 94 59 32 69 87 18 17 10 50 55 72 10 14 27 35 71 81 10 85 59 51 76 92 24 51 24 43 15 88 22 96 74 81 7 75 36 61 82 47 91 55 28 85 18 25 89 12 77 0 85 92 49 68 37 51 69 42 3 78 66 8 54 76 16 37 67 66 22 63 29 3 41 81 83 99 6 29 60 91 76 26 2 80 89 11 15 74 36 9 33 83 65 12 88 33 26 38 73 52 81 96 88 57 39 21 95 16 67 69 79 62 61 75 79 76 39 35 3 56 10 24 76 34 26 73 80 82 75 84 70 88 92 0 69 28 54 56 43 18 2 1 58
7 28 71 97 66 71 13 80 6 7 27 16 51 82 45 39 23 4 23 58 61 18 76 34 30 1 64 26 80 69 10 49 18 12 34 52 2 6 64 94 79 6 17 71 39 6 88 72 58 76 62 17 4 73 3 87 32 33 38 85 54 9 79 53 13 22 47 19 2 50 8 45 12 63 32 67 45 40 1 72 33 44 95 10 66 68 49 22 85 1 66 79 40 15 12 77 90 93 28 95 35 80 98 62 65 83 82 2 80 14 72 33 37 56 68 35 60 35 23 25 67 2 96 46 95 61 42 13 45 41 11 9 70 57 81 84 61 2 76 65 34 98 74 33 25 55 55 70 8 82 13
47 46 16 47 48 25 89 53 82 80 0 10 39 22 19 98 79 1 43 43 15 87 30 90 8 78 45 22 3 60 61 74 25 20 37 29 2 48 69 84 47 8 31 63 61 35 91 96 80 1 3 89 83 57 4 32 88 64 95 62 96 43 84 6 69 63 88 21 20 67 43 43 32 76 40 27 73 69 62 79 26 76 33 67 60 65 30 33 39 63 84 63 3 25 47 22 5 44 67 54 42 46 42 10 77 6 19 58 13 96 54 44 57 47 50 73 3 72 75 89 96 42 57 33 70 35 42 1 85 10 2 9 7 45 57 2 83 15 72 20 70 32 37 86 5 18 13 99 16 77 2
18 11 29 78 28 6 67 81 99 91 54 23 63 81 73 22 11 89 23 29 49 52 6 37 78 67 56 19 76 59 64 17 30 1 50 74 80 50 19 76 33 73 28 67 38 26 84 48 16 63 1 53 89 78 16 8 51 50 30 11 62 27 81 43 97 41 59 86 25 1 89 59 18 18 83 16 79 19 0 66 21 10 86 70 79 86 44 85 77 86 44 10 71 69 80 43 50 79 24 9 31 46 23 10 43 3 40 14 14 95 24 42 19 37 33 0 21 58 33 31 57 76 45 8 61 5 46 59 21 84 27 0 77 14 28 89 39 86 7 56 87 36 32 23 65 40 75 64 93 19 27
16 58 35 18 28 94 55 69 14 55 10 6 6 45 53 5 60 90 37 31 19 46 48 52 17 35 15 16 25 37 8 87 43 61 95 47 18 64 46 71 36 31 59 49 64 85 54 80 88 29 35 13 10 78 64 72 24 54 63 52 81 7 3 3 3 17 92 75 31 1 52 71 17 34 99 6 93 14 43 43 99 80 73 32 14 13 7 93 4 41 39 6 65 32 78 49 90 87 55 39 7 34 51 61 13 3 80 91 78 40 62 24 98 97 30 14 38 38 11 45 44 97 87 99 23 93 82 72 71 10 43 71 37 87 0 49 52 74 68 32 14 3 80 49 77 86 30 25 31 96 66
18 90 25 72 86 83 4 71 20 38 62 28 50 85 28 14 87 25 0 54 7 34 55 81 13 77 27 1 85 32 72 57 35 21 25 97 24 44 26 25 21 3 76 78 77 41 60 31 4 78 60 7 42 5 8 40 44 12 67 48 51 50 15 40 4 53 70 6 5 83 22 23 35 26 3 26 75 58 57 85 79 7 51 86 37 52 62 78 31 80 42 18 7 25 27 7 21 82 80 55 73 59 94 94 14 55 91 3 82 7 90 81 15 22 72 43 37 99 97 96 88 87 5 7 93 60 1 77 75 96 45 77 15 41 73 34 91 58 69 6 55 97 10 19 6 4 31 50 82 93 12
39 1 67 11 95 72 3 29 3 12 92 7 39 59 84 70 43 57 3 69 65 33 59 59 10 0 97 53 55 44 34 77 6 29 6 45 11 57 35 55 29 30 48 22 45 35 85 11 77 36 26 17 62 46 2 91 60 55 57 5 71 54 11 2 19 20 70 37 42 3 0 42 67 0 5 29 15 5 75 98 75 52 79 27 92 91 37 27 31 12 92 32 29 29 72 61 88 62 77 22 21 80 17 88 40 14 19 20 86 25 99 24 2 69 74 91 20 60 14 15 28 28 90 41 30 45 0 52 7 47 25 86 50 41 71 20 78 0 42 52 53 37 36 78 10 43 23 80 92 64 77
71 10 42 16 16 52 5 40 20 24 48 36 9 59 37 73 61 39 23 91 12 56 15 91 66 67 47 54 42 87 27 43 23 23 2 16 26 9 90 19 41 57 15 64 3 3 82 64 45 80 61 8 21 68 12 92 45 60 51 19 18 66 31 87 59 69 32 59 46 21 83 22 67 60 10 8 77 83 77 43 46 56 40 90 46 96 3 10 35 66 21 54 47 74 58 58 99 33 44 42 1 22 13 4 78 22 76 67 67 9 89 27 5 9 15 2 55 56 85 17 20 81 36 64 82 32 1 96 23 7 94 63 54 34 40 74 82 91 65 59 23 3 99 31 38 45 74 42 69 65 13
90 39 41 16 47 6 31 23 36 6 15 47 63 13 40 76 87 58 71 5 31 84 73 15 48 9 57 97 59 15 81 53 33 14 78 66 68 15 20 17 59 18 88 17 55 95 17 48 92 20 73 44 23 47 33 61 29 6 65 68 38 73 90 19 1 11 83 32 23 86 90 91 80 45 83 78 93 12 47 84 68 3 31 71 95 62 1 76 87 37 24 99 29 76 72 15 58 60 61 88 69 10 61 29 35 96 24 97 99 90 28 66 56 26 99 61 87 1 88 92 25 18 83 67 6 4 17 27 62 27 16 8 24 84 13 90 1 52 7 35 19 83 87 20 12 94 85 1 94 31 11
7 44 24 71 3 55 20 79 21 90 25 48 86 38 43 10 82 18 11 43 74 95 67 33 3 66 51 75 45 90 8 0 15 4 57 81 95 98 72 21 69 13 55 76 97 57 7 25 19 45 30 78 63 17 21 93 22 45 90 59 93 54 40 45 8 68 99 32 47 62 72 56 60 28 39 33 34 27 33 65 11 75 13 62 35 67 89 15 30 11 1 26 95 86 20 54 92 84 96 83 95 46 37 54 70 58 2 67 55 86 56 87 26 12 31 84 45 32 32 63 87 85 84 12 92 6 60 21 25 41 34 53 95 72 71 37 7 16 20 66 5 4 13 62 2 70 66 99 29 31 69
78 12 38 69 49 77 14 15 68 68 99 74 83 44 63 1 65 6 65 84 66 89 39 31 89 9 4 9 1 39 18 40 19 82 54 99 69 85 31 49 66 20 17 56 73 36 14 47 48 8 59 28 54 66 17 63 63 19 72 87 96 91 52 22 90 53 34 18 31 8 83 39 56 90 40 92 54 9 31 10 76 48 74 59 7 20 65 40 13 54 14 22 89 42 89 11 95 24 86 13 84 50 35 80 32 77 35 82 80 66 65 45 8 56 83 20 97 67 62 50 33 88 95 24 55 34 48 58 55 48 85 42 96 87 75 16 36 31 83 26 53 83 28 28 85 61 86 53 60 11 62
21 50 65 15 10 64 9 91 75 29 5 64 83 90 27 11 36 63 6 79 48 38 9 84 36 1 18 74 72 35 93 16 91 57 83 93 25 18 50 21 46 85 2 70 9 36 87 56 75 18 22 44 35 86 78 84 12 2 53 83 22 84 4 23 45 28 91 5 39 66 85 18 40 80 4 52 1 96 94 16 58 40 5 17 65 55 88 74 77 27 27 70 67 5 35 81 13 33 56 64 37 44 74 78 1 37 67 2 9 31 71 92 28 85 68 83 8 11 78 45 6 45 99 95 71 43 64 77 50 11 16 30 35 48 53 69 35 32 42 10 30 57 4 28 18 69 2 85 34 79 64
53 27 35 26 17 34 97 78 99 97 67 0 82 56 13 63 35 65 74 26 95 67 17 65 97 23 57 97 96 5 71 2 90 97 89 32 5 28 69 2 11 65 48 56 61 2 89 39 36 88 49 55 99 2 96 44 13 43 92 2 48 66 55 80 24 96 39 45 42 17 53 38 57 59 86 79 70 56 22 80 32 58 19 8 74 66 66 82 70 51 46 45 72 53 62 46 27 86 34 80 21 76 66 40 45 26 57 90 22 97 36 32 27 11 4 86 25 15 3 0 10 6 15 81 68 34 37 25 36 25 97 65 77 87 91 22 87 22 22 36 52 47 61 50 93 53 42 45 84 40 43
85 63 68 44 39 73 37 8 12 41 9 40 30 31 76 94 10 67 76 40 79 9 64 55 75 98 35 43 84 58 55 25 33 11 34 88 14 83 10 71 6 71 73 44 73 14 37 33 91 1 19 39 48 8 37 47 29 23 42 90 12 55 14 3 32 0 88 8 99 25 64 85 74 50 41 63 99 83 60 37 42 89 55 35 6 94 26 53 98 34 88 4 12 17 34 94 66 88 20 50 62 0 37 32 89 82 18 87 99 57 66 2 53 3 41 41 51 46 27 17 17 40 33 99 69 97 27 69 8 17 65 64 11 55 16 34 84 92 43 72 18 13 23 88 85 63 21 28 92 61 60
83 86 57 96 57 23 97 73 99 4 26 4 97 57 98 4 36 92 62 61 28 44 91 3 66 91 57 17 32 72 43 81 82 9 50 45 97 14 41 52 15 0 58 23 30 81 67 10 61 63 97 35 97 76 66 66 62 34 50 20 10 0 83 54 59 46 45 76 88 53 92 16 26 27 43 61 97 66 55 34 3 95 86 61 18 3 66 12 78 90 24 83 41 32 25 51 6 97 11 31 41 49 99 29 68 61 92 7 84 1 1 65 64 91 59 72 80 81 28 33 22 7 16 24 21 20 34 7 86 43 57 35 24 57 98 43 9 34 93 64 27 58 66 85 81 71 29 7 18 53 88
41 80 33 98 39 62 3 94 76 77 74 65 50 53 18 95 25 52 99 21 85 16 28 37 31 22 3 21 94 4 28 45 95 22 5 31 42 33 61 8 68 89 84 21 23 29 36 41 1 50 30 10 85 21 36 52 14 46 20 73 34 26 5 32 9 73 53 25 96 1 28 37 80 59 24 39 59 71 95 90 85 75 61 83 88 69 10 75 44 35 20 75 71 52 42 12 61 45 23 81 66 14 2 32 97 70 47 41 1 15 2 78 58 47 79 84 39 81 34 91 60 7 9 45 68 99 29 5 72 50 62 20 6 93 16 62 49 0 3 57 13 62 37 34 17 10 68 45 22 67 7
68 73 39 66 85 29 27 62 69 86 79 22 52 12 97 13 70 97 31 77 61 84 14 66 46 96 27 16 30 15 93 73 17 69 10 47 62 18 82 14 85 39 38 19 43 27 22 78 45 93 52 86 55 34 2 11 29 72 79 7 59 88 39 78 26 50 34 20 91 28 78 57 76 11 73 22 59 99 8 79 66 40 79 93 45 81 11 41 27 37 58 34 96 85 75 80 72 9 85 46 30 91 78 27 60 62 48 89 54 88 20 99 94 56 96 50 22 28 66 19 45 98 32 95 89 17 55 87 15 91 60 67 74 2 98 47 77 80 1 42 54 99 13 47 64 20 82 13 18 0 80
54 31 17 56 16 50 68 6 69 70 26 23 65 18 65 66 98 36 77 6 80 65 80 3 51 9 11 98 78 40 39 29 38 12 53 0 48 99 74 89 16 6 55 49 67 72 69 71 36 48 72 29 27 90 14 23 26 84 63 64 78 62 76 11 66 29 93 70 47 13 13 54 92 38 26 92 9 39 77 96 52 58 67 72 87 64 85 92 85 26 82 8 15 51 92 80 35 13 71 95 69 54 62 27 35 31 38 94 79 35 45 98 55 86 44 59 64 97 30 14 8 63 97 74 59 43 54 63 9 21 85 18 19 23 79 35 91 44 5 44 33 44 18 76 24 43 81 36 47 92 0
89 74 58 65 33 13 22 59 96 27 48 65 93 91 64 91 3 96 58 6 54 64 5 79 25 28 89 72 77 18 17 23 10 40 51 0 98 53 79 30 4 90 35 53 38 71 50 3 54 63 72 12 99 74 76 1 96 51 69 70 31 59 95 88 64 77 0 83 21 43 84 35 38 62 5 62 50 38 35 74 80 36 87 65 8 29 44 39 78 40 59 31 66 41 12 3 23 23 38 77 66 67 88 59 62 6 23 72 12 20 16 56 1 7 66 55 89 84 93 29 89 33 46 35 94 16 31 30 99 64 11 72 4 30 79 33 48 19 40 75 26 49 78 14 14 31 34 67 94 55 47
72 32 15 19 14 22 28 24 71 69 60 71 43 40 87 37 34 25 4 89 30 82 21 55 32 14 5 91 78 11 74 94 36 31 89 65 35 51 94 83 2 16 92 89 78 6 85 70 33 68 59 86 71 9 61 28 20 13 33 59 62 67 18 90 75 15 25 33 72 9 92 56 58 21 32 46 32 38 86 11 62 13 34 58 41 99 31 2 21 91 34 85 4 87 85 15 31 27 36 98 8 4 16 99 91 86 64 69 46 64 57 54 42 61 93 1 63 24 57 43 80 21 49 27 19 27 37 26 12 99 81 49 26 39 5 52 54 9 15 63 37 95 71 84 12 71 89 68 91 23 38
17 87 90 37 14 81 55 1 89 69 36 33 81 52 48 19 91 66 73 82 31 3 8 2 57 29 51 10 3 11 81 26 83 89 55 3 1 9 59 73 93 26 81 76 47 20 49 98 8 60 3 80 90 9 23 68 21 24 49 72 29 48 86 98 68 63 66 3 40 2 54 41 6 12 26 81 78 31 75 79 31 51 41 74 76 79 56 8 80 13 38 30 43 78 6 84 38 56 5 41 93 50 17 54 97 78 3 1 55 9 65 72 32 99 70 96 92 69 90 30 71 81 73 13 92 34 25 94 15 93 79 64 49 27 24 62 56 77 85 88 50 78 21 63 32 77 11 78 2 51 74
30 4 11 38 48 61 13 70 54 41 5 65 57 66 15 50 51 44 24 54 97 22 94 49 23 25 48 45 91 63 77 0 68 36 40 58 16 9 38 66 94 19 16 77 3 48 72 85 7 13 27 41 97 31 61 98 32 24 36 77 88 55 98 48 96 60 7 88 61 45 28 81 25 17 55 89 83 26 3 15 68 40 91 15 72 6 27 40 30 9 70 70 92 41 20 14 75 54 29 48 55 56 91 83 91 10 25 69 17 13 60 57 98 47 39 6 77 31 31 50 61 53 6 69 16 85 18 9 27 72 24 62 93 47 58 3 53 56 3 55 44 93 71 19 55 8 24 89 53 81 27
22 9 42 23 77 56 8 15 86 18 80 55 3 80 53 35 58 85 70 32 29 9 73 44 4 48 89 76 68 24 37 57 30 71 37 69 74 67 26 4 85 99 96 71 38 91 79 72 24 29 60 12 54 20 49 75 58 14 60 82 60 45 38 7 43 70 23 57 44 26 38 61 18 62 2 26 19 95 61 27 65 36 14 88 59 76 62 63 39 32 63 20 4 25 80 95 20 18 42 70 23 69 65 47 5 44 84 40 2 32 54 38 33 26 80 43 6 14 67 34 88 86 32 22 68 7 77 62 11 95 24 8 28 7 62 68 69 71 40 84 36 1 86 38 51 87 58 90 97 70 1
58 88 36 33 72 4 41 82 44 38 5 3 16 2 81 46 20 67 49 4 70 84 35 46 23 76 39 84 52 0 56 20 49 45 46 92 12 29 68 82 77 34 28 25 77 34 35 40 89 87 57 43 3 31 90 90 77 96 35 26 73 73 15 15 1 77 32 8 71 10 39 83 53 75 53 84 0 95 88 81 22 28 23 72 82 47 2 65 36 11 89 24 42 22 83 19 35 25 3 44 35 83 0 77 44 40 71 18 28 61 17 64 27 96 15 61 40 58 54 23 67 80 75 86 31 38 86 79 15 13 69 6 59 13 4 5 93 35 25 21 77 84 38 70 35 41 61 9 8 27 50
42 40 29 60 32 54 18 26 19 9 89 64 5 40 47 51 38 26 94 97 19 8 64 98 47 84 96 33 63 66 11 64 23 98 4 56 42 93 80 15 29 61 0 67 93 21 9 96 73 41 46 79 7 16 14 22 30 76 17 4 85 47 13 26 25 32 37 15 56 32 2 66 78 15 71 78 46 10 83 40 26 16 43 81 0 18 21 14 99 92 23 25 98 94 41 56 5 15 82 90 31 18 51 91 73 11 98 26 19 36 86 82 0 77 68 8 12 97 14 69 91 48 92 76 54 35 63 20 42 24 13 63 33 35 44 38 79 72 49 9 42 46 81 63 59 77 58 81 22 2 59
80 90 45 86 89 69 23 36 32 33 9 48 36 3 44 96 26 79 8 99 61 86 33 44 71 20 41 41 83 86 44 34 63 67 12 10 96 31 18 2 44 69 43 53 52 54 88 51 68 67 25 85 61 31 4 47 26 83 67 53 38 35 51 10 77 10 52 91 29 28 2 80 17 60 82 68 39 88 59 1 44 11 85 31 73 49 72 59 79 59 12 10 18 15 40 8 59 57 64 75 21 92 38 67 31 70 54 95 49 50 10 31 49 4 30 21 25 88 55 63 10 21 55 59 99 5 62 51 56 49 92 60 46 27 47 93 90 48 95 68 38 49 28 8 72 89 25 3 57 16 24
88 25 44 74 46 14 41 85 51 22 0 75 47 18 85 43 73 41 93 72 12 23 3 42 48 60 19 70 88 25 21 0 0 86 49 76 52 77 23 62 92 11 86 91 76 16 34 78 67 65 42 75 27 71 78 83 27 99 2 17 74 66 27 30 33 26 43 96 48 22 99 0 39 27 3 46 18 24 94 94 44 70 31 2 1 45 36 12 10 6 49 62 78 11 59 51 51 64 95 20 17 4 57 52 95 95 37 6 23 15 17 54 94 47 79 87 21 11 19 76 32 96 44 1 31 75 19 49 48 77 52 50 98 63 49 41 4 63 11 29 49 15 35 99 0 41 43 48 92 40 5
63 54 19 57 53 36 44 24 75 18 17 31 55 48 15 99 56 18 31 31 76 17 30 77 99 7 83 58 10 2 61 44 98 54 0 57 28 88 74 94 42 72 11 59 20 23 48 3 88 78 66 73 51 50 19 45 98 53 39 36 62 71 72 74 68 2 70 98 8 4 39 53 97 30 56 89 59 27 79 78 29 31 97 22 30 62 49 96 63 45 2 51 78 67 99 1 58 33 99 84 91 28 12 46 57 93 4 9 5 83 38 30 80 5 91 77 57 7 67 95 66 35 75 76 27 65 13 72 19 80 0 18 23 80 26 39 21 0 98 34 50 16 59 88 92 25 53 91 12 62 46
24 52 68 88 34 96 94 93 63 23 9 4 33 13 31 16 57 21 79 63 36 98 62 37 96 34 74 19 52 74 87 43 4 80 62 98 78 95 38 49 45 15 86 53 88 85 90 54 17 10 2 99 8 44 97 56 78 57 4 68 99 61 98 3 84 78 99 36 27 99 57 89 92 18 35 8 16 99 97 8 9 63 6 9 14 58 25 69 11 5 47 21 60 63 30 44 90 43 31 79 51 36 50 95 87 45 50 80 84 19 84 90 99 25 26 94 77 26 45 10 5 91 68 14 41 70 12 12 76 22 12 15 2 37 34 45 82 51 89 22 89 49 95 41 89 83 10 82 54 70 30
57 77 22 66 19 39 56 84 10 0 80 68 0 9 91 25 53 69 76 63 2 87 69 21 39 29 29 75 72 44 68 40 13 44 75 25 15 80 90 66 38 24 48 39 89 39 23 31 85 36 81 81 71 53 83 3 50 37 32 52 9 32 45 71 13 20 81 14 78 68 4 25 17 26 27 95 15 93 63 44 8 42 25 65 82 3 14 85 69 31 19 81 24 25 78 18 79 11 20 16 18 42 2 99 73 96 91 46 53 23 28 35 14 81 73 69 47 26 80 91 16 25 71 34 23 16 97 10 3 19 53 39 61 75 20 14 64 32 63 7 16 64 42 77 72 52 72 13 25 22 91
60 59 9 87 92 8 88 91 7 39 18 71 35 15 10 58 6 89 80 48 66 40 8 13 98 52 83 86 55 33 78 36 41 83 74 27 94 67 62 24 37 61 98 51 97 70 40 0 89 8 27 73 60 60 32 61 10 88 7 52 69 67 70 64 62 58 55 76 56 5 9 55 56 35 57 48 32 52 41 26 29 65 24 91 44 73 8 98 24 14 74 49 22 86 60 69 95 98 18 21 99 30 26 54 91 15 33 15 96 93 68 11 8 76 73 44 74 23 91 3 1 64 57 46 67 39 49 36 44 38 26 27 38 74 24 88 87 88 24 6 66 11 93 97 56 9 93 87 39 97 74
14 29 77 96 42 98 74 79 0 48 10 35 1 57 28 24 60 36 46 85 4 13 72 73 70 53 61 92 17 97 88 68 85 76 50 11 50 61 54 54 47 92 38 81 7 24 77 66 80 58 70 92 74 25 88 71 19 77 23 26 29 6 12 58 2 90 37 6 76 27 96 97 40 28 30 91 38 44 68 73 26 13 78 12 54 18 53 73 8 50 19 26 4 82 84 27 35 14 76 30 87 69 84 89 43 68 99 35 77 60 2 41 43 36 92 47 28 9 29 24 21 29 89 26 89 71 25 72 93 45 85 41 12 58 89 78 47 71 7 0 1 36 99 27 83 80 59 84 51 65 56
46 30 10 85 93 56 75 51 4 96 63 34 12 50 6 16 18 14 27 72 66 97 93 35 47 26 33 55 55 99 22 55 7 19 17 3 43 62 29 9 24 24 8 10 56 10 37 17 64 78 10 13 89 14 14 9 44 4 50 84 80 53 84 38 10 52 61 8 64 66 74 40 76 41 16 33 23 94 40 67 50 88 28 82 93 18 75 77 19 93 65 10 2 40 28 29 64 77 24 54 76 5 1 80 7 95 54 36 98 73 70 67 96 28 75 35 78 0 20 33 99 69 8 93 59 92 53 83 48 85 16 23 87 6 82 64 73 45 31 85 94 52 59 56 7 34 89 65 64 65 30
67 61 67 48 42 42 90 76 69 67 70 17 26 45 57 61 33 99 17 95 54 37 30 91 51 27 14 28 50 27 88 80 52 16 29 9 32 99 82 23 98 56 50 85 23 95 55 42 22 81 74 94 58 85 52 91 44 51 88 10 52 4 6 86 63 93 29 42 94 74 30 72 24 16 35 38 87 15 43 6 93 34 83 95 37 56 45 6 31 43 76 67 34 93 9 96 9 15 45 32 63 35 37 46 76 2 83 17 56 6 22 32 31 62 81 15 35 8 53 65 39 12 86 9 28 27 44 67 38 91 31 64 84 46 60 86 73 3 7 26 40 32 75 21 71 82 49 34 40 4 21
30 97 74 85 42 62 94 36 42 77 16 88 3 50 72 93 91 17 2 23 37 62 53 82 47 11 98 25 4 80 11 48 87 52 0 99 23 0 66 36 49 91 99 80 64 46 75 84 45 21 96 39 81 69 42 28 68 0 85 78 76 52 71 50 55 17 35 86 44 43 96 5 73 16 68 87 74 54 52 23 40 60 97 51 4 8 61 32 36 46 36 88 60 79 34 12 35 80 54 56 13 26 58 94 25 15 70 81 68 80 11 24 56 67 24 67 16 76 35 75 69 60 14 99 74 53 50 82 61 37 46 67 73 92 53 75 1 9 65 62 59 39 88 23 78 42 49 94 86 42 5
4 65 98 40 66 11 34 6 43 63 39 74 52 93 7 38 25 86 38 34 26 62 19 44 59 53 45 25 50 45 47 93 28 83 30 37 67 58 6 10 47 69 7 71 75 25 51 67 39 34 41 53 5 3 88 61 92 22 91 8 93 87 57 53 93 60 98 74 77 25 25 82 74 57 68 8 84 13 94 58 70 15 7 17 22 24 43 84 83 16 45 21 21 14 10 67 50 6 11 98 3 14 88 9 53 69 11 2 23 29 17 49 41 21 60 35 71 39 90 78 15 75 66 21 36 43 17 52 48 15 76 82 7 78 29 73 44 32 48 97 51 56 53 18 16 94 63 90 70 29 83
97 5 95 83 87 39 53 90 89 74 26 82 2 83 49 46 57 38 95 62 20 70 99 57 11 72 64 93 39 92 77 29 34 4 36 36 75 90 86 46 57 21 44 29 85 96 50 6 41 87 4 62 35 7 98 41 86 56 14 46 53 93 6 0 66 37 23 64 47 77 96 23 27 87 0 53 79 98 43 65 5 36 33 60 7 5 57 53 49 9 93 13 97 57 43 88 63 54 83 20 44 20 56 31 81 31 22 29 97 25 6 48 21 72 62 3 4 77 87 13 66 18 15 91 74 4 65 26 35 26 1 8 17 39 50 49 29 30 22 57 43 65 92 97 69 47 73 56 33 4 57
81 12 83 2 43 45 26 84 80 12 62 52 63 36 90 34 33 41 99 13 59 40 10 17 82 81 22 60 11 98 52 19 58 50 17 70 14 85 11 31 56 64 56 40 46 37 72 83 99 0 95 42 65 21 20 80 46 57 4 38 47 44 42 81 6 6 55 49 96 79 99 40 17 66 16 89 93 77 7 42 19 10 81 29 51 37 70 22 5 17 30 24 41 31 22 99 31 99 6 97 37 98 49 57 19 37 13 15 67 75 25 31 9 58 9 2 3 0 94 3 23 18 43 60 57 78 64 36 68 37 97 13 4 19 59 23 10 3 27 67 17 40 52 98 2 10 16 90 55 0 54
71 4 2 99 68 42 98 40 33 77 19 36 74 38 30 67 13 98 47 55 40 95 92 70 63 37 5 13 20 99 78 40 62 20 82 43 91 53 62 33 30 99 47 92 26 26 2 99 9 24 96 52 11 20 38 44 33 82 99 4 56 41 1 14 67 12 38 83 18 90 39 89 71 20 84 0 63 53 91 89 85 19 20 6 94 9 22 34 45 1 52 2 67 79 79 37 11 27 47 45 44 60 16 31 99 46 82 49 48 11 66 58 50 46 38 46 31 61 37 0 27 74 52 19 64 89 36 25 74 16 91 51 9 44 94 22 32 28 69 70 66 60 87 18 88 51 86 55 25 90 3
54 95 65 55 94 19 25 81 26 80 81 39 1 85 97 81 7 44 57 41 76 28 83 61 69 83 21 16 6 29 18 75 64 8 27 1 59 77 29 17 32 41 30 16 62 33 57 88 43 4 68 2 97 66 49 81 79 42 73 80 70 90 73 46 86 71 10 30 90 60 53 13 3 96 17 24 10 52 22 79 80 87 34 28 12 8 13 18 63 66 41 70 12 8 0 95 55 44 64 50 44 2 46 13 31 82 71 69 50 10 0 91 27 99 44 31 34 55 76 73 91 7 43 21 19 87 63 27 73 91 40 53 21 3 0 4 23 27 81 93 17 63 80 31 52 94 31 83 34 98 46
37 94 77 1 83 35 44 14 97 70 36 34 51 80 17 7 66 9 30 74 49 55 60 6 56 39 89 94 92 17 61 26 27 87 88 85 56 61 90 68 90 92 62 31 52 73 22 78 48 27 33 62 42 97 68 90 38 75 99 48 95 57 61 41 18 72 7 74 26 48 85 18 85 97 78 33 80 32 9 78 62 35 42 29 95 67 4 19 96 62 78 79 54 9 84 23 39 71 35 52 50 48 77 31 63 38 12 62 40 70 7 71 95 7 78 31 99 44 30 58 75 15 92 99 62 78 68 27 86 9 40 84 8 22 39 84 0 47 68 69 38 83 30 76 64 32 13 77 48 8 56
50 86 93 62 66 55 47 65 22 37 42 29 72 68 42 54 53 79 48 89 29 71 78 60 78 72 18 18 45 68 31 49 88 94 14 32 17 34 85 53 8 91 86 28 10 10 63 46 58 48 45 56 5 7 55 52 20 59 97 75 21 17 6 50 16 70 52 30 1 41 19 38 52 10 45 71 33 34 81 12 34 76 66 41 70 55 43 23 35 55 73 82 64 26 17 21 82 39 0 59 21 97 33 91 3 10 63 83 85 5 12 47 30 46 38 20 21 33 53 8 55 25 38 32 46 35 6 13 21 40 2 93 1 55 92 25 29 48 68 16 14 81 69 15 77 92 79 73 43 87 41
59 76 28 63 76 27 47 84 83 5 86 22 26 81 89 87 27 77 76 67 93 64 7 32 76 12 31 7 95 66 95 76 16 81 50 74 72 7 76 64 48 56 28 84 10 9 13 51 13 20 93 6 4 48 51 88 43 11 81 24 95 20 82 77 0 86 59 89 54 95 85 68 9 28 79 68 83 10 5 55 35 50 40 43 79 16 86 69 11 9 82 4 65 88 13 57 94 41 8 50 91 18 50 92 61 14 42 6 7 70 71 11 74 82 4 92 71 18 54 43 48 55 45 84 25 50 90 71 50 84 4 59 35 4 55 34 61 65 86 45 91 55 41 20 76 5 94 63 75 53 77
11 31 97 7 84 82 27 51 28 17 80 24 9 77 29 48 61 0 70 39 59 63 96 61 25 76 63 25 37 93 97 49 57 23 86 15 28 46 73 51 23 61 48 92 36 7 25 49 58 25 81 20 18 39 69 85 95 67 71 50 90 87 98 72 96 0 79 26 16 75 62 97 64 97 65 71 84 99 72 2 83 99 65 93 28 98 66 47 77 59 98 80 34 86 77 32 92 82 8 63 32 38 65 27 72 66 27 5 17 70 54 95 96 83 15 15 7 14 80 18 27 23 63 36 73 30 48 11 66 46 40 51 52 30 30 84 30 22 17 0 39 27 24 60 44 67 3 38 32 5 89
85 62 83 40 77 19 63 17 39 61 59 4 13 87 65 65 91 54 71 96 9 54 4 97 45 87 22 12 25 99 99 23 86 29 51 34 48 31 60 63 90 65 73 72 86 47 49 98 2 61 8 48 18 90 99 29 70 98 41 79 61 16 50 5 96 53 36 44 64 55 10 70 59 35 13 87 62 6 75 53 84 14 66 84 31 54 93 68 55 88 30 16 73 35 80 91 83 57 17 88 78 77 93 50 85 26 62 58 76 14 95 7 49 14 63 21 95 24 50 30 81 29 99 38 62 60 26 77 58 57 43 7 54 15 33 91 58 23 92 61 32 49 16 59 28 52 46 55 31 86 78
11 6 14 31 74 23 91 56 51 95 70 21 4 91 79 65 22 77 81 99 27 91 68 68 21 51 85 11 17 14 89 64 68 99 70 95 24 37 47 34 30 1 7 2 85 73 42 39 33 73 8 24 9 65 3 9 93 5 56 95 16 49 93 93 80 56 94 18 63 59 26 72 64 52 33 69 91 70 45 69 74 56 73 22 99 97 98 83 39 6 85 93 68 51 50 85 91 74 49 88 80 62 46 13 55 24 47 79 5 3 18 67 52 13 96 49 32 87 41 88 3 46 17 73 20 5 28 92 77 79 36 89 66 33 57 62 70 49 94 42 25 22 26 87 59 24 51 9 25 65 96
23 30 65 31 99 49 59 87 85 30 12 74 62 55 37 9 43 77 15 89 53 60 43 24 99 7 13 33 39 98 92 23 7 70 35 56 40 51 76 99 70 98 54 51 22 76 62 27 55 84 82 72 93 17 49 18 17 29 68 3 2 62 14 45 85 9 12 99 7 77 64 32 93 74 3 96 81 40 51 31 52 36 46 84 44 41 45 3 59 47 29 23 59 14 19 72 41 42 76 40 16 48 96 69 59 68 69 52 87 89 0 93 32 19 31 56 76 48 34 42 13 99 40 64 20 25 54 86 58 5 19 32 36 96 76 0 55 74 54 87 69 0 6 61 88 79 65 44 40 13 93
45 45 44 13 79 99 52 24 64 74 3 70 50 62 16 95 83 79 99 92 2 86 33 73 83 20 47 29 13 85 53 25 18 45 62 4 91 11 43 93 15 55 14 87 27 6 85 61 44 29 59 33 73 3 23 8 47 59 63 13 50 86 20 59 62 14 41 65 13 73 98 23 21 86 24 7 74 36 30 99 41 46 90 95 86 98 55 60 60 66 87 22 16 95 25 7 18 16 66 44 92 44 40 9 79 54 75 42 71 25 20 77 11 66 93 45 23 13 92 60 20 78 75 48 42 44 29 60 20 39 71 57 48 20 42 89 25 97 29 17 27 92 15 46 94 16 86 2 80 87 99
64 93 64 12 52 29 82 28 6 77 42 18 32 70 69 59 31 15 13 69 98 37 61 27 23 74 90 71 80 72 9 0 74 56 23 61 36 92 59 77 94 65 2 77 1 57 23 60 76 40 35 56 34 50 57 35 75 7 6 31 90 51 81 82 71 46 1 53 1 3 42 81 83 12 99 82 69 82 3 73 48 98 31 64 22 57 19 36 95 65 45 10 31 86 94 50 2 53 64 66 92 35 36 72 23 85 97 49 38 36 0 33 34 48 68 39 32 87 7 77 46 67 62 56 5 12 49 56 77 38 46 75 3 95 27 89 23 2 24 4 13 51 7 85 94 13 32 75 73 99 73
27 65 23 51 14 11 50 11 0 64 49 43 45 4 68 38 65 13 29 87 80 47 60 87 93 66 43 33 10 58 57 70 34 72 20 66 70 1 31 1 37 92 97 41 10 5 89 49 4 89 40 35 86 62 62 96 5 95 88 68 51 53 98 81 22 61 61 36 42 39 59 58 19 4 32 78 24 0 90 89 49 74 81 28 73 47 50 98 76 3 5 41 6 40 17 34 18 7 11 17 1 17 11 55 0 85 41 55 10 99 72 85 33 53 97 18 37 99 39 42 34 86 26 67 60 5 66 37 78 64 86 56 47 47 86 35 34 3 87 68 83 84 38 37 84 57 45 64 70 88 93
50 85 59 55 43 87 94 2 59 44 56 47 19 32 45 89 93 94 57 20 1 58 69 5 1 21 63 83 8 80 44 17 8 67 59 20 9 85 94 56 59 74 76 96 4 12 27 55 36 95 39 74 73 0 0 52 94 69 58 8 68 87 81 38 88 76 13 57 9 21 16 65 26 89 80 61 88 64 89 81 17 2 74 7 14 38 48 15 51 39 3 84 4 64 85 53 33 94 78 62 7 51 38 40 66 24 31 12 58 78 67 17 82 43 46 5 90 49 24 27 68 9 21 98 58 66 50 81 31 51 90 54 2 23 63 38 9 96 86 40 12 8 5 98 74 85 54 25 93 75 34
23 2 88 37 16 40 0 46 10 30 83 96 27 96 85 6 42 42 33 40 13 60 49 31 5 82 9 95 87 57 78 57 64 28 51 39 17 20 36 48 49 74 0 80 39 99 77 57 52 14 54 14 74 83 97 77 84 32 63 76 15 60 81 73 41 70 60 86 24 3 6 7 2 52 56 35 64 51 24 83 97 44 40 87 41 49 36 7 95 46 10 62 41 20 80 1 94 8 32 90 75 0 92 33 11 23 27 28 20 38 41 52 76 72 31 40 8 86 95 37 49 51 31 96 24 71 16 99 60 79 19 4 16 46 11 81 98 68 95 44 52 2 4 24 61 26 54 84 0 57 0
72 18 12 13 55 10 89 91 66 46 58 28 24 52 0 80 59 67 57 82 95 12 8 93 63 53 83 22 44 18 99 77 26 27 8 30 34 65 96 15 98 65 1 91 37 83 19 78 58 97 44 48 96 16 12 72 13 48 89 19 47 52 64 65 12 59 35 60 50 51 94 91 75 4 13 90 7 57 35 97 24 56 84 90 60 28 26 65 58 17 71 20 90 31 12 20 71 86 49 19 54 22 12 22 69 12 56 19 55 54 59 29 24 5 58 52 10 4 81 77 90 52 74 62 84 78 26 86 9 97 95 12 35 71 14 23 0 4 64 63 49 58 17 50 90 15 45 74 55 0 94
62 57 57 76 80 66 75 56 55 31 68 60 87 37 31 11 39 12 56 77 17 52 9 67 40 18 30 93 19 90 79 93 46 71 17 80 4 88 57 56 40 38 17 68 88 79 92 1 75 41 1 25 98 9 18 86 40 48 99 82 0 8 95 66 76 48 60 86 64 85 88 87 88 4 67 68 42 81 67 10 84 63 62 70 66 99 39 86 57 28 42 33 88 24 82 97 40 64 93 39 16 49 51 68 14 83 79 38 94 48 67 99 16 26 3 56 44 51 6 66 99 74 85 21 73 35 97 65 19 23 96 14 29 57 28 45 68 89 43 92 39 96 94 36 21 11 9 21 85 12 41
28 6 22 38 34 76 76 89 31 27 9 13 59 67 81 1 44 21 4 54 6 35 52 19 28 62 28 19 3 33 87 10 18 26 16 1 68 20 64 20 31 70 54 82 46 58 16 15 14 90 67 81 38 19 88 38 17 92 6 14 25 48 92 10 77 71 72 29 36 59 82 91 21 38 23 36 72 1 47 98 43 25 25 27 82 18 34 74 33 81 89 97 19 9 94 9 20 18 62 58 9 2 63 2 68 85 66 5 4 13 61 66 6 92 44 81 53 90 67 48 29 14 50 73 10 88 53 99 77 1 6 29 67 56 11 49 38 78 56 44 50 1 67 99 48 17 91 54 56 80 38
33 44 84 7 65 17 67 82 20 58 86 25 65 35 19 69 39 53 66 82 50 7 86 8 1 98 70 57 82 2 95 68 99 72 98 37 53 60 88 5 40 76 4 61 15 28 24 73 78 65 67 66 14 33 56 73 72 5 66 8 30 79 36 36 31 3 56 81 38 3 27 45 51 15 95 67 74 78 98 52 17 72 91 61 52 62 99 57 20 80 58 43 81 99 27 79 85 2 62 5 11 43 6 46 29 78 24 8 94 73 71 26 83 88 4 4 89 22 42 81 88 34 84 94 28 42 20 52 25 93 20 30 29 75 94 97 61 43 9 66 20 90 84 78 61 55 12 97 0 8 6
28 22 30 69 9 42 9 62 33 87 55 75 61 67 19 38 70 25 12 16 78 91 64 76 45 24 27 50 10 70 67 62 79 92 97 38 43 47 47 45 78 39 89 57 72 97 20 96 52 43 86 63 69 96 67 40 78 98 72 66 53 6 70 71 94 11 35 2 38 76 61 3 12 0 28 52 61 84 97 77 80 0 16 48 69 86 80 80 57 72 56 61 20 69 50 57 27 20 39 41 81 24 10 46 74 20 25 71 99 11 34 77 85 64 12 82 23 25 58 19 96 70 53 45 46 50 37 15 33 97 30 47 32 36 2 42 22 65 15 70 49 23 59 99 36 27 80 50 88 74 97
26 88 48 68 88 94 73 2 70 10 43 81 52 83 99 45 49 45 9 9 45 37 91 9 56 24 65 17 70 66 92 45 85 44 90 9 69 10 7 41 2 55 54 10 29 38 61 7 73 69 82 18 33 22 55 47 40 30 98 95 84 39 84 71 27 22 4 8 4 44 71 39 79 15 57 77 24 85 7 1 38 82 25 55 96 51 88 13 10 61 78 37 58 74 5 50 17 54 17 80 97 46 73 3 8 74 74 36 79 20 5 6 30 99 10 12 64 90 81 64 63 58 29 33 34 34 64 42 87 65 95 66 64 35 42 25 37 65 12 41 45 80 21 23 7 53 5 92 84 82 99
59 86 1 58 21 23 77 96 76 48 70 32 26 73 23 78 90 40 0 38 13 62 59 53 58 25 11 6 17 60 10 21 82 12 33 71 70 37 70 17 51 81 90 70 88 9 90 11 76 35 22 70 20 99 6 69 9 90 25 21 73 44 68 83 57 69 46 14 16 57 36 7 83 98 81 11 43 55 91 19 85 34 44 38 89 70 49 24 64 64 65 10 5 84 87 14 13 45 69 21 78 49 97 72 0 58 26 84 93 7 20 10 45 59 89 47 6 32 24 46 97 51 29 88 36 85 63 85 13 79 82 74 25 59 88 77 75 86 17 1 96 41 12 11 30 92 30 86 97 14 72
20 54 57 25 89 36 13 68 29 57 24 24 22 89 9 29 84 11 2 19 6 9 21 47 10 2 29 35 25 83 7 71 9 50 39 2 11 59 38 82 89 2 91 27 37 62 81 31 36 84 89 80 75 47 67 49 36 60 51 86 97 28 59 26 85 85 12 39 12 94 55 69 38 39 61 56 99 4 79 40 38 10 0 99 56 12 44 66 4 97 46 34 42 55 18 62 69 12 90 33 66 37 80 85 15 40 78 3 68 26 45 59 21 34 82 57 96 14 70 70 23 16 58 69 35 5 81 13 96 6 70 55 70 48 5 6 0 25 97 51 15 33 20 40 74 99 36 21 89 42 19
85 16 21 34 59 38 23 86 77 99 71 64 34 68 10 55 64 38 39 47 49 18 93 17 75 8 62 14 16 86 36 2 67 31 60 99 81 74 74 79 0 49 72 15 34 16 60 8 35 16 97 16 92 8 78 18 60 3 73 80 5 62 15 63 68 57 73 69 99 82 89 51 32 67 47 24 98 82 74 74 43 26 95 8 69 48 64 41 31 88 86 29 5 2 41 63 25 37 73 59 36 0 6 57 79 8 78 94 79 18 72 80 12 89 37 90 63 8 2 45 92 30 20 50 47 87 8 64 52 12 15 10 64 70 67 76 95 56 69 46 48 19 25 66 39 20 76 34 79 74 21
95 83 81 68 14 76 11 93 4 22 5 36 25 25 13 18 13 2 80 70 52 33 19 47 92 10 44 27 30 5 43 33 89 48 78 9 90 92 71 4 69 3 76 19 82 96 93 39 29 78 23 91 80 35 16 8 98 86 4 82 60 20 63 14 0 59 41 55 2 45 19 36 73 27 46 44 22 75 2 92 45 26 38 39 21 82 72 17 77 47 21 10 60 80 50 55 45 33 84 10 54 62 99 54 67 75 55 19 48 46 12 59 16 77 56 51 20 97 5 61 4 78 6 58 12 86 12 85 47 28 78 58 41 57 70 14 52 21 61 76 86 96 67 69 58 57 61 2 84 21 64
6 30 89 63 66 82 58 89 52 34 77 60 20 48 58 46 92 42 26 78 56 9 42 39 38 19 93 42 0 2 33 78 62 25 14 45 23 74 15 5 32 34 36 8 32 62 59 66 48 23 67 34 78 20 40 24 6 7 81 94 29 42 86 37 62 40 47 95 95 70 13 35 5 7 30 62 48 92 65 97 13 41 14 32 63 49 60 93 52 66 48 10 49 99 40 17 50 20 9 14 20 68 25 29 2 66 25 96 66 86 38 20 12 70 9 84 13 9 41 96 34 73 28 13 5 90 49 80 37 75 49 33 70 80 79 17 68 89 18 13 17 55 26 64 33 93 30 91 54 71 13
11 70 50 24 23 12 83 16 49 73 23 25 84 15 19 2 1 87 18 78 18 41 68 40 71 4 46 15 96 61 93 0 52 40 75 84 93 75 74 75 28 8 75 75 72 37 53 59 87 47 12 15 61 23 25 25 86 76 58 66 31 7 8 43 69 82 59 64 90 37 58 66 44 3 34 58 80 15 22 53 8 95 11 55 38 53 65 60 1 43 31 57 97 99 95 46 11 58 38 72 67 22 87 78 31 25 18 93 45 62 53 77 32 40 79 80 28 65 10 78 84 15 23 87 33 29 31 88 26 54 81 76 35 14 39 31 87 12 59 78 6 0 31 6 59 6 49 32 51 91 69
42 23 53 21 27 60 21 84 37 18 19 66 44 62 5 48 72 69 6 47 75 27 39 0 57 13 53 83 41 75 86 5 1 81 36 65 63 21 96 93 98 67 76 55 64 85 88 14 22 18 96 8 6 37 67 95 9 6 37 67 49 73 34 96 50 32 50 19 82 53 5 31 63 68 20 78 88 83 98 27 92 60 22 48 6 55 14 29 35 13 57 36 66 45 15 10 22 19 49 31 11 91 12 62 23 19 90 1 8 73 0 1 70 12 39 17 79 26 30 85 43 64 58 50 78 22 53 36 89 13 46 49 96 63 45 81 63 55 43 76 40 74 8 92 66 86 53 58 72 29 26
48 80 93 20 9 28 0 33 18 22 15 33 78 68 18 69 33 62 31 27 1 17 87 52 70 41 5 10 83 43 72 91 94 46 58 87 49 47 68 86 84 45 62 57 29 79 83 47 42 93 20 61 45 73 74 48 68 74 35 51 13 51 44 99 23 22 17 58 47 29 81 53 9 75 60 59 22 1 71 24 43 71 47 91 97 37 46 42 41 2 55 87 50 48 1 72 94 4 23 91 33 81 47 16 50 0 78 35 89 2 5 94 37 93 82 23 95 73 60 60 7 36 0 76 88 22 65 14 60 3 81 88 33 15 23 1 15 63 32 81 54 94 45 87 52 38 22 86 97 26 42
53 31 17 16 60 9 13 6 3 52 99 17 38 70 99 45 15 63 76 58 53 33 88 32 98 63 7 55 36 94 18 72 73 65 44 45 32 67 29 92 65 63 26 63 40 20 16 91 75 87 89 84 66 15 94 89 28 35 15 25 24 2 90 81 1 64 91 0 52 33 58 58 83 25 29 5 32 56 36 67 52 23 79 1 58 42 68 88 63 64 31 52 23 74 67 33 68 5 82 77 24 56 64 52 65 49 82 38 48 76 22 25 98 38 16 27 19 40 32 18 85 41 19 11 61 40 83 93 62 52 82 28 51 38 75 63 88 0 21 98 45 81 14 12 65 13 84 48 29 40 39
19 98 71 18 40 90 90 64 48 80 0 79 93 78 37 19 46 83 26 77 40 35 40 20 44 98 35 70 42 34 50 25 26 96 9 88 21 98 59 60 59 40 30 28 92 73 83 44 53 66 99 35 50 65 28 32 62 36 37 83 51 68 79 54 23 53 53 38 0 48 63 65 5 52 97 97 21 60 38 26 61 62 30 83 98 24 37 86 65 99 11 31 92 45 33 74 59 36 0 12 19 90 42 13 86 64 10 79 0 55 29 90 30 13 7 51 29 64 51 18 30 91 5 8 82 22 90 1 17 66 73 17 23 58 56 54 39 78 61 82 92 81 29 42 94 81 76 82 92 53 71
93 40 69 90 69 11 54 48 12 57 25 90 10 61 60 26 99 19 88 94 5 15 39 52 55 59 90 55 90 97 71 67 41 75 52 35 0 84 96 33 17 56 23 20 18 39 34 86 95 10 5 12 1 15 41 11 69 37 62 80 3 45 61 1 75 44 80 19 73 76 3 36 53 13 28 75 26 18 42 86 36 37 62 43 97 10 50 23 41 47 35 13 42 44 57 56 95 78 62 75 5 5 4 26 93 17 74 38 97 29 49 37 81 56 66 33 74 14 52 35 5 81 92 32 91 65 73 20 77 34 37 67 96 34 83 13 23 23 99 86 52 14 23 83 21 42 57 84 99 44 61
99 50 16 50 49 93 94 29 13 26 30 61 34 25 78 59 67 56 39 18 82 30 48 32 40 54 27 51 93 53 76 14 19 45 71 68 90 52 14 15 51 32 69 14 90 64 55 74 26 45 26 11 27 84 27 51 76 3 19 4 83 39 46 71 83 16 7 30 57 41 24 57 43 48 33 85 68 27 71 62 92 20 95 3 77 77 98 82 60 40 67 73 23 10 26 11 40 53 87 80 70 76 58 76 43 79 98 9 43 51 16 88 96 23 39 9 15 70 46 63 91 13 63 53 89 86 99 20 88 6 67 83 79 48 86 88 77 43 9 66 85 82 44 32 26 20 49 73 42 83 76
2 56 26 90 61 72 46 43 60 77 45 68 89 85 30 85 45 68 81 93 1 78 4 96 21 95 73 58 24 30 7 54 61 57 15 64 36 85 2 13 32 66 76 89 37 63 69 0 30 44 46 82 61 60 96 80 0 53 44 45 56 79 26 33 34 38 32 13 42 0 7 0 27 79 25 83 92 95 14 17 45 57 4 57 74 85 99 76 29 2 71 78 4 92 37 5 58 5 73 47 43 40 77 30 3 0 11 73 80 18 92 57 16 59 37 13 24 74 64 60 60 1 53 2 81 17 44 34 57 55 18 23 71 59 67 73 66 34 1 67 60 16 44 92 96 47 23 7 16 2 96
51 13 70 9 60 1 88 90 40 51 69 15 95 71 58 5 66 25 15 45 26 40 28 85 37 0 76 80 98 5 94 87 71 71 37 21 80 82 87 99 99 67 78 16 26 34 67 20 93 0 1 98 17 85 19 60 70 86 38 19 42 7 38 4 79 55 94 76 83 71 14 53 78 23 70 73 5 17 90 92 58 94 39 28 25 53 96 69 86 92 97 3 88 11 85 47 66 57 77 46 89 5 79 29 87 41 9 74 95 46 15 36 37 33 21 90 13 94 36 99 40 43 1 98 91 40 16 25 45 33 15 26 88 90 84 78 60 42 43 87 92 3 9 65 66 63 83 66 73 20 39
26 98 38 2 59 8 10 18 49 77 19 55 6 27 77 41 53 63 81 40 9 97 92 57 26 53 61 69 47 26 26 5 71 38 87 85 89 22 89 57 92 92 86 5 97 95 86 92 37 26 0 41 6 65 99 51 88 89 67 92 81 84 48 41 10 33 32 80 26 46 34 11 70 15 55 5 95 78 94 79 75 54 73 45 71 5 90 98 78 20 56 74 84 77 62 40 10 31 30 21 25 59 56 4 34 22 50 95 96 27 68 50 94 15 25 80 16 12 20 63 17 64 57 33 4 75 28 77 75 68 61 87 10 9 55 61 81 9 63 3 8 23 8 59 80 93 91 98 82 7 57
10 41 58 2 20 41 10 23 45 31 68 97 78 53 17 67 38 90 32 53 94 47 61 86 28 45 84 49 31 83 45 70 70 81 91 7 83 71 29 6 0 7 35 45 2 46 82 1 99 66 66 25 90 45 50 95 37 10 52 85 51 21 90 10 36 93 57 8 78 50 28 90 34 93 37 6 32 9 92 32 11 0 49 19 29 46 13 46 7 62 76 48 39 86 11 17 51 54 57 64 94 94 48 89 82 89 61 12 58 89 48 25 67 64 55 87 22 34 50 71 54 82 6 70 37 75 31 36 97 0 15 68 29 95 96 21 92 38 85 63 38 48 73 74 51 96 46 93 1 89 66
31 6 54 61 35 79 93 66 21 23 26 47 76 37 21 92 33 30 93 11 6 75 45 92 29 30 78 80 28 71 99 56 25 22 41 92 70 96 71 1 82 60 44 89 44 29 52 97 38 86 30 57 67 45 93 8 69 17 62 98 17 98 53 45 97 47 40 32 68 8 76 64 67 46 91 28 28 69 45 31 79 44 79 17 0 12 26 86 71 31 81 85 92 8 5 4 11 45 50 54 45 75 86 29 6 70 31 6 51 5 26 12 80 94 67 36 26 28 85 33 90 73 6 23 33 63 44 2 16 67 31 76 73 46 99 39 77 35 95 49 34 33 28 78 9 74 64 94 12 82 10
5 10 43 98 60 51 13 62 49 19 34 73 71 56 71 9 79 71 95 80 47 73 94 7 53 59 45 98 7 92 81 9 27 23 28 45 58 31 1 56 20 56 61 85 35 25 4 71 31 73 91 97 42 8 2 40 76 73 38 86 91 96 72 74 14 29 82 98 28 62 8 40 56 80 9 82 28 21 60 28 47 90 34 95 27 70 11 45 63 83 74 8 82 1 17 30 55 49 74 45 30 29 64 91 27 38 2 61 5 4 83 94 9 6 26 97 46 76 12 11 23 5 5 59 84 51 88 79 89 23 35 87 7 95 23 98 45 10 88 81 20 6 61 64 60 85 84 52 55 10 17
31 75 52 30 3 73 85 7 30 48 21 59 40 13 46 71 47 33 44 78 95 88 42 35 54 41 91 83 71 90 76 75 39 60 75 98 53 52 65 95 19 33 81 59 87 82 23 98 20 87 1 44 22 48 89 35 32 46 9 76 39 91 13 12 25 93 98 16 33 46 29 37 71 79 70 46 89 60 58 91 63 4 56 24 80 90 51 83 93 55 78 31 68 38 87 86 71 30 94 94 82 92 6 44 44 31 4 77 53 53 67 98 78 47 33 44 53 0 48 90 51 10 91 71 8 27 8 79 39 16 50 62 97 88 63 68 68 12 16 60 75 98 42 72 79 20 28 93 22 55 56
8 17 42 47 57 22 89 57 65 31 46 74 8 57 75 54 33 25 22 68 54 61 59 22 23 84 96 42 74 27 15 46 89 91 76 10 61 96 70 38 43 81 57 50 97 83 13 1 83 13 2 51 32 40 28 4 1 7 51 58 8 43 8 43 93 49 34 44 42 79 12 14 46 36 76 67 9 86 86 93 50 2 99 6 62 23 17 68 97 34 19 49 95 2 46 79 89 87 40 33 45 54 52 50 0 7 79 56 96 59 54 98 19 30 26 63 59 0 93 65 15 16 62 85 54 57 45 14 83 57 37 34 18 33 18 62 19 36 23 5 85 78 93 88 80 83 98 5 36 87 66
69 63 33 24 16 2 44 97 99 21 24 37 66 4 93 38 38 53 42 43 27 25 81 15 10 83 75 52 48 73 61 11 50 25 28 76 81 67 6 45 12 14 42 73 86 84 78 56 70 68 61 44 1 83 95 31 93 59 8 22 8 21 29 39 25 89 11 54 45 96 96 59 87 2 24 20 48 58 39 4 89 7 12 33 83 57 70 67 45 8 16 39 70 85 56 15 94 12 33 59 71 90 53 57 57 37 78 46 98 25 9 26 32 86 97 58 21 52 38 85 54 51 74 4 45 89 26 20 76 41 30 78 55 81 46 29 45 96 12 4 48 6 95 74 3 30 39 48 44 55 76
82 83 50 6 47 86 24 42 4 65 72 98 44 61 44 98 73 32 69 34 69 32 57 58 92 6 25 38 35 15 56 80 95 45 87 75 8 43 19 76 40 43 65 16 36 10 0 86 62 51 90 69 14 24 17 77 23 80 81 42 33 50 12 93 66 97 65 79 50 78 6 5 16 99 36 66 54 25 53 49 84 60 62 43 34 91 71 29 17 75 44 51 28 54 34 16 76 92 68 57 65 46 92 49 76 48 77 51 95 70 58 96 63 67 97 17 6 37 39 62 44 49 40 61 36 17 43 52 93 69 36 17 26 64 98 35 3 40 41 47 94 57 40 55 47 58 7 80 28 83 8
90 65 66 88 92 40 37 3 33 85 38 17 75 52 47 35 72 55 33 86 22 72 95 87 81 32 75 92 18 87 12 63 80 20 32 69 88 0 50 18 97 31 13 67 11 39 7 8 7 79 52 74 24 52 91 86 6 2 27 85 25 25 32 19 94 49 1 5 61 33 70 83 29 25 36 75 81 60 80 53 69 86 65 48 90 66 65 42 31 56 66 44 19 74 44 21 44 60 55 2 7 66 63 18 64 58 83 96 1 11 83 90 25 14 35 72 30 11 66 43 40 60 56 55 62 22 10 21 95 57 72 94 30 11 77 21 3 93 44 62 95 79 83 42 56 85 60 59 17 58 25
96 80 52 84 81 24 30 0 59 23 64 32 43 6 25 22 46 81 36 61 49 11 80 32 90 41 8 62 91 75 84 30 18 71 10 71 66 11 70 26 82 39 33 73 64 28 20 4 58 60 37 43 53 29 2 50 93 17 83 78 98 56 12 57 0 38 20 53 43 25 88 58 15 44 71 5 85 42 58 30 64 16 25 42 90 69 38 98 25 11 78 63 70 8 46 31 15 69 75 10 34 4 18 30 49 17 68 5 43 97 85 72 9 14 96 10 69 83 40 95 91 72 33 23 29 8 99 15 63 39 59 50 73 39 80 69 65 35 90 97 12 65 5 55 65 57 78 6 4 23 18
97 74 92 32 4 34 62 90 37 44 13 40 8 62 49 77 80 59 17 18 81 66 43 53 98 15 78 35 47 21 77 94 57 28 22 35 99 38 79 88 78 33 30 10 41 43 68 25 82 39 4 49 32 68 33 25 93 52 33 71 9 3 18 64 90 70 26 42 80 91 76 40 60 31 95 85 41 11 23 41 67 44 59 13 51 62 76 98 20 0 45 50 48 30 0 51 88 91 45 16 99 47 71 30 37 1 55 32 44 82 66 92 15 78 63 83 6 20 45 3 60 74 70 31 48 99 48 35 23 12 67 43 71 44 42 79 49 4 99 89 93 81 8 23 10 15 23 47 41 58 34
85 40 91 30 76 40 92 43 17 4 49 75 85 81 68 59 75 51 60 22 30 81 6 11 49 25 73 76 53 96 1 25 27 84 78 38 43 21 35 15 48 78 85 26 31 21 70 36 88 86 45 77 93 16 11 22 50 11 41 5 72 94 7 92 9 33 49 52 30 23 34 77 53 29 1 63 42 83 14 55 84 33 34 44 48 18 35 61 7 1 58 7 22 40 58 41 72 26 86 28 99 66 75 42 19 78 53 79 92 54 57 46 51 61 23 62 20 19 42 68 27 66 65 22 50 34 53 18 23 59 25 45 35 5 89 76 31 24 9 25 50 20 69 15 76 44 54 3 73 50 48
95 59 38 70 49 51 32 60 65 51 97 99 32 18 41 21 13 67 27 96 98 12 95 60 72 63 85 89 8 67 16 73 46 6 41 44 92 82 93 83 9 67 2 60 4 36 95 33 59 86 11 54 93 70 75 61 80 13 16 73 57 10 1 70 89 25 27 16 92 40 22 26 65 75 92 64 30 41 96 62 12 89 85 81 19 39 38 15 78 17 94 37 37 58 89 77 80 22 29 6 21 35 39 30 7 56 50 6 82 5 19 41 34 58 80 51 35 13 31 69 96 11 98 18 73 63 43 8 91 80 6 5 26 92 36 6 30 29 1 3 14 75 86 33 91 85 24 76 6 22 17
60 85 36 88 52 48 41 45 10 42 40 83 54 44 35 33 38 29 39 64 19 53 25 98 94 18 61 78 38 72 96 21 81 89 64 61 14 66 15 25 3 18 20 54 97 94 0 57 86 98 57 7 97 89 41 39 84 26 10 93 46 36 45 34 29 71 77 55 25 85 31 67 51 65 20 93 1 1 83 77 46 4 15 82 42 90 85 81 55 9 53 41 47 74 18 46 55 17 70 24 25 10 55 61 3 8 71 80 51 56 75 57 90 7 10 66 49 17 63 24 0 66 77 34 91 51 32 55 2 6 96 44 5 88 40 53 9 95 81 69 3 96 18 5 78 11 70 14 79 6 20
95 10 85 74 25 87 19 1 50 9 2 89 89 2 45 78 81 31 30 19 50 8 24 54 68 67 92 13 42 88 8 85 31 12 61 21 81 7 61 66 23 77 77 29 53 48 17 73 22 12 18 92 22 11 45 53 0 48 58 57 19 3 48 88 8 12 44 9 90 30 89 23 2 67 27 38 31 46 5 81 47 84 33 0 33 11 2 13 79 65 57 78 12 6 29 81 9 41 37 95 8 65 12 23 14 28 40 23 36 45 88 46 39 99 93 16 20 38 68 16 54 26 49 63 21 46 63 90 52 52 76 34 72 64 70 96 61 66 72 25 7 28 75 92 89 85 16 12 66 58 95
88 36 35 14 56 62 86 64 10 39 31 53 47 37 94 82 53 41 19 79 46 64 81 22 59 50 43 51 74 59 79 58 66 75 73 68 70 24 48 29 73 67 28 32 53 88 68 25 33 26 74 49 70 79 86 80 90 34 48 47 64 72 2 21 22 17 42 15 72 30 21 13 82 76 53 41 92 67 77 14 46 26 83 26 99 96 15 1 31 77 51 14 66 87 7 45 0 59 76 87 90 88 8 37 63 89 84 72 29 76 82 6 74 19 75 70 60 0 9 50 16 10 2 74 79 46 82 50 7 96 38 64 45 78 14 24 54 56 88 1 23 58 11 29 42 74 4 41 94 86 92
47 7 26 81 57 3 97 14 95 53 30 8 74 5 29 63 40 0 71 14 12 42 38 8 61 2 27 64 40 51 3 16 67 2 69 90 9 59 6 92 93 61 51 98 38 60 48 70 49 66 66 96 53 43 43 36 1 62 86 81 25 43 18 0 47 10 63 46 1 58 79 83 51 26 80 48 70 21 72 64 76 54 7 67 36 46 93 52 23 42 91 9 57 48 15 13 82 71 60 66 20 13 95 32 49 90 61 19 59 49 23 13 28 53 77 12 17 14 72 11 87 2 97 75 57 57 74 22 64 25 91 69 4 27 91 63 93 7 90 1 74 90 7 84 86 23 15 34 29 95 1
2 34 86 33 16 83 79 71 0 39 40 69 66 28 48 62 71 92 38 74 32 53 3 95 22 50 71 82 57 38 9 58 69 24 34 3 10 36 68 67 3 88 32 54 67 36 45 28 6 25 31 90 55 93 89 92 15 51 75 90 73 57 89 94 52 64 29 26 63 21 96 57 3 82 88 21 80 35 29 89 5 82 82 30 74 95 67 8 62 66 26 54 6 30 87 98 26 86 29 48 29 52 50 78 31 11 2 40 67 35 77 69 15 43 71 62 70 61 6 69 44 2 27 63 13 26 14 12 43 11 20 83 46 51 30 0 92 83 40 49 50 95 36 93 50 21 98 66 25 25 33
7 41 87 24 18 16 47 66 35 49 59 79 68 89 88 9 53 29 11 72 53 71 59 66 88 11 51 27 21 57 5 60 96 40 74 67 84 77 47 11 75 22 41 71 58 94 37 14 72 59 42 4 16 64 15 96 87 29 2 37 8 56 43 4 42 70 3 29 24 71 84 26 13 99 18 46 91 78 84 41 74 66 53 5 6 4 75 89 5 61 66 86 83 52 37 52 92 94 85 43 93 90 55 99 87 47 21 29 65 79 43 67 70 1 80 36 62 35 47 82 98 31 30 16 98 96 89 65 51 98 21 87 50 90 29 65 8 27 35 60 13 31 48 40 36 65 98 35 53 42 71
34 22 62 86 45 44 13 54 58 29 83 74 10 40 32 56 68 29 35 19 14 43 1 9 94 40 22 59 50 3 67 23 53 53 39 3 19 10 45 7 83 88 0 5 0 99 50 42 61 12 78 70 41 35 92 53 79 27 0 73 19 12 92 79 28 68 42 41 35 52 69 2 13 24 91 58 64 78 30 74 75 44 33 76 68 4 39 47 35 36 90 21 9 43 3 67 82 30 98 99 5 10 66 62 79 83 25 32 40 75 7 23 14 89 24 11 78 95 91 17 97 95 68 57 96 21 94 19 92 96 32 78 29 68 95 98 78 39 38 83 55 52 21 15 3 3 90 30 9 84 57
38 89 8 16 13 7 62 76 47 77 64 20 41 91 45 36 68 73 39 13 64 96 58 48 85 81 79 88 47 67 87 30 38 52 48 16 84 56 42 78 35 98 0 77 33 91 70 33 67 93 4 79 58 25 80 80 96 1 64 61 6 13 4 73 97 5 94 92 99 33 97 74 28 78 68 40 57 93 63 2 91 76 16 79 34 0 52 46 70 90 35 3 60 24 26 37 34 41 91 42 45 91 90 38 68 41 2 41 2 92 76 44 48 17 45 18 48 22 0 60 82 57 14 92 65 50 90 41 55 19 89 40 83 90 42 72 40 8 72 31 67 18 48 14 94 5 19 92 31 3 37
28 68 56 47 64 96 88 80 82 11 19 62 38 20 87 1 10 68 22 77 95 69 57 81 55 1 70 76 25 60 63 91 33 43 6 53 61 26 22 28 1 50 14 49 65 25 72 79 15 5 35 69 44 19 87 9 45 61 8 82 40 14 38 42 59 53 12 5 8 78 67 21 47 80 43 83 77 50 77 48 83 89 52 73 35 26 98 57 31 78 34 4 61 69 56 85 62 9 45 14 80 88 29 48 78 33 47 90 42 42 56 87 35 30 60 76 96 50 3 32 54 80 96 2 30 83 65 65 31 19 10 56 91 42 19 21 24 85 73 72 19 1 88 33 37 82 8 66 67 14 22
60 52 27 75 49 45 45 44 18 24 3 97 15 66 21 52 52 20 20 25 69 49 56 17 98 99 19 55 0 27 2 51 99 95 87 46 96 31 2 99 88 71 53 13 32 45 28 10 85 14 71 36 83 80 11 58 77 44 11 50 44 25 3 10 54 57 20 21 71 91 27 8 19 43 29 19 54 67 69 23 27 10 88 53 12 63 65 89 36 8 24 8 28 76 5 87 69 80 14 13 87 6 7 93 6 20 39 34 81 81 52 28 71 41 64 61 27 11 18 48 29 19 24 69 48 42 91 93 51 3 33 10 14 44 40 84 74 98 23 35 49 50 14 33 41 74 51 47 61 23 23
92 93 65 41 54 30 8 61 14 61 34 70 50 66 64 50 82 15 46 5 5 79 15 58 70 49 24 73 3 88 49 48 45 40 54 85 70 20 53 33 45 51 22 63 36 63 11 98 39 9 78 65 52 46 64 57 43 98 89 27 98 26 6 24 43 53 99 46 42 5 63 64 97 25 25 65 49 91 77 75 99 39 52 56 21 82 57 23 76 45 72 95 59 79 61 4 98 50 39 79 45 26 79 20 99 11 61 69 71 56 49 86 10 14 15 12 99 84 49 3 1 94 2 38 63 21 68 11 94 33 18 47 31 66 56 57 11 44 37 53 37 17 60 55 40 18 79 46 3 59 96
81 90 69 37 93 81 74 72 38 95 75 20 16 85 81 99 95 58 62 69 18 52 75 86 93 13 7 12 78 96 31 72 62 82 98 2 2 1 81 32 96 5 79 93 5 94 15 56 64 90 15 37 45 91 33 54 73 1 64 74 77 66 76 83 2 67 92 74 71 92 46 90 62 19 75 1 18 75 40 27 39 32 43 5 0 63 23 33 66 47 31 1 97 66 27 10 24 39 84 92 18 94 66 63 80 35 45 49 63 83 49 11 90 31 0 14 17 7 1 39 40 76 42 22 11 99 99 80 96 19 98 16 81 93 20 50 44 59 26 28 36 78 5 96 25 89 12 54 54 99 92
75 73 89 42 60 76 2 40 10 76 7 46 18 66 3 68 33 1 68 6 61 36 57 65 96 65 89 24 79 1 92 82 90 14 12 79 91 34 6 51 8 61 40 88 23 79 0 87 21 45 31 92 2 61 11 88 13 77 98 88 56 4 77 30 59 29 18 88 23 75 27 35 9 94 80 43 57 26 19 32 13 40 42 62 30 70 81 30 20 70 50 36 77 77 59 1 4 30 39 78 84 97 74 48 94 72 20 44 74 41 68 27 74 35 70 90 54 83 54 83 20 92 15 39 98 59 69 61 63 37 75 61 30 2 50 6 51 98 51 95 44 10 40 36 72 30 95 77 8 4 62
23 46 22 94 3 7 77 39 33 52 88 90 65 66 96 28 78 83 86 59 23 33 55 10 56 14 72 84 31 26 66 94 75 66 33 56 10 73 77 50 85 56 78 32 10 27 5 3 75 91 20 99 2 21 47 99 93 33 38 7 7 35 7 37 78 23 52 47 40 55 2 9 10 19 25 65 55 84 51 75 1 51 69 54 94 82 18 49 22 73 23 55 54 71 76 20 25 14 23 92 75 97 87 45 38 41 37 64 65 67 48 61 37 46 72 14 16 41 83 67 56 57 12 47 68 94 61 86 42 79 76 19 65 55 58 25 68 73 67 27 40 28 11 41 22 5 82 77 96 51 88
